-2.877774565042864191e-02
4.544362438995127595e-01
-2.554884562122261005e-01
4.586550155171397192e-01
5.956225205881451878e-02
-9.109829126693300694e-01
-2.040668387805109063e-01
-1.660108421431403802e-01
2.936218640455359186e-01
-3.363324263377713841e-01
7.245177988047140083e-01
5.770042998277731261e-01
5.348411115960685080e-01
-1.719223093650631418e-01
2.397440213294181888e-01
-8.229941589586604600e-01
-2.211914889531796935e-01
6.305968768921127454e-01
1.722098369293825759e-01
-6.658638497182884919e-01
5.857696970596993902e-01
2.704564985253141707e-01
-4.970555938653895001e-02
8.123270441291468025e-01
3.563930681162312819e-01
-9.970778313886158317e-01
2.557664939391396386e-01
-3.062138149970032863e-01
1.362455147809629175e-01
7.090346861667963241e-01
9.501957612800376873e-01
-6.001263045348738112e-01
1.275631722433382687e-01
3.790094154320675091e-01
-1.378859794409372230e-01
-3.245489114761264671e-01
7.446493942818147027e-02
-4.389440937806601828e-01
8.182555885948918917e-01
-9.362365879588634421e-01
1.180300203508009849e-01
-7.301650392041360293e-02
-4.397002632092723851e-02
-6.280942540138585439e-01
-1.351158063192234582e-01
-5.891229730928511099e-01
-5.853671965499839258e-01
4.186684038381833783e-01
-3.698437285488912485e-01
1.441851242936568328e-02
-5.181787111926274003e-02
1.900852682271224614e-01
4.383413293816846440e-02
9.565474304052488941e-02
1.798671425690973602e-01
-2.900128839675253922e-01
-1.000000000000000000e+00
-3.652946405386429118e-01
-1.074017741482233140e-01
-7.997526701214188183e-01
6.837697300599215877e-02
-7.944176396134796647e-01
-8.714751634694985205e-02
3.209820499440836916e-01
6.146331523113295059e-02
-4.314575459184287753e-01
5.861199785507123505e-02
-1.462540229935914149e-01
5.442565563744384827e-01
-4.424483111544938452e-01
-8.009095305046076696e-01
3.698222027949509272e-01
-6.695318819413625944e-02
-8.105278051324967814e-01
-2.000002268934185090e-01
-4.395787591721165288e-01
6.446225473992103772e-02
-6.925099511877924607e-01
-6.258946503042768228e-01
-6.190713913223534481e-01
6.206393546588744314e-01
5.081351452104840849e-01
8.645154230788525407e-01
-5.662114094009933485e-01
2.877113054612168153e-01
8.442115622547154974e-01
-2.007252031432311609e-02
-5.157447144537743444e-01
-3.741122935333911492e-01
-5.588536161706094685e-01
8.272532549088656983e-01
-9.999999999999998890e-01
1.240885881167413940e-01
7.240916802009848829e-02
7.495961516961456850e-01
7.977145513560430778e-01
2.239631640507615817e-01
2.361843572272700476e-01
1.000000000000000000e+00
8.231215829876509238e-02
2.931857010347034276e-01
-7.558208411779449021e-01
6.260460826514726573e-01
-7.555886714216812627e-02
-1.582054199018460006e-01
2.974032224852485307e-01
3.007547230089856471e-01
9.515501939231160167e-01
-6.784749310696840396e-01
1.853583343932837524e-01
-1.019601595517864445e-01
2.653217441803146226e-02
-3.410424853730464889e-01
2.986795254632339525e-01
-3.661460421786018049e-01
9.914727814363017977e-01
4.188819713971907444e-01
2.367073619206554180e-01
7.388302129389576756e-01
-7.244216801028082742e-01
7.625554919922467034e-01
-6.546780095532223065e-01
1.628359513925763669e-01
1.638875105933256804e-01
-4.393913836212544610e-01
6.816754398480968646e-01
1.410360920829078490e-01
-3.120704045558577722e-01
2.263404281658294992e-01
7.415785003967134692e-01
6.466352131400858738e-01
-7.567463291478442322e-01
-1.000000000000000000e+00
-4.132179728083350545e-01
-8.395826938469838630e-02
-4.773841898254399529e-01
-5.985073805345785258e-01
1.961087070263041188e-01
4.763674094690589778e-02
3.907748458957537863e-01
8.638415094036044906e-02
-1.286433195503611515e-01
1.804509384285021834e-01
-5.859399965426079215e-02
8.438873010471109604e-03
2.735105826142573138e-01
-5.763182534830899040e-02
7.884106997113021764e-02
1.902016572378989190e-01
1.612042420315675795e-01
5.716490670856357037e-02
-4.941561644097396955e-01
-2.042084057751073489e-01
-1.319318236557684952e-02
-9.815568645156702576e-01
7.453634807127967887e-01
1.000000000000000000e+00
3.047561711550848540e-01
-1.334332525717170925e-01
7.055867756228698107e-02
5.587057997070713489e-01
4.780006070618464942e-01
-1.171373886205102494e-01
1.564553176874622364e-02
-6.822712499395012786e-01
2.783918930246161438e-01
1.184826490903083396e-01
-1.000000000000000000e+00
-4.746529366778328152e-01
-9.122948414536162787e-01
-1.881651516813596103e-01
1.578104878524130839e-02
-3.181895022653065119e-01
-3.749355319308710910e-01
1.710320695226760224e-01
2.613257283768852801e-01
6.708387618188401680e-01
4.748362919938155513e-01
-3.097977331094599607e-01
5.195141452851459452e-01
-1.885017279098528675e-01
-1.135455914302612168e-01
4.746821205971023944e-02
3.300308264008980919e-01
3.146901949528124742e-01
2.338274565614304468e-01
-9.068050078173677253e-01
-2.922215604016553669e-01
-7.614920439288030973e-02
-2.607491780571255524e-01
6.959670917153508718e-01
6.236855724293921543e-01
-5.070999744996651515e-02
1.626457372954111524e-01
-1.000000000000000000e+00
8.822419160721552134e-03
7.276766766704965972e-02
4.535703193194242644e-01
2.585820624842435356e-01
2.762356415464242154e-01
3.715139018728857989e-01
-2.645428073182304884e-01
3.304142495846870697e-01
-8.996354553110215146e-01
8.227420426460939629e-01
7.475858847279661656e-01
5.948394048156642189e-01
-7.337054755788773031e-02
-7.687720625095593174e-01
-3.566705860196706657e-01
-1.954733142202279006e-01
1.939899550915841764e-01
1.190825940478195538e-01
9.812448795319851647e-02
7.262461080506836808e-01
-1.068948426709107336e-01
9.747905289530427453e-01
-4.646506321577920096e-01
-5.420902296655965014e-01
-8.672301214541355829e-02
2.146200770568528482e-01
-1.000000000000000000e+00
-3.864378342853956871e-01
4.754346437719630947e-02
5.910182143988546022e-02
-5.579878967041520532e-01
1.508357457001481550e-01
5.319714023100585720e-01
5.419652445748548431e-01
-4.055288436211417213e-01
4.840942625905442220e-02
-4.117561040640508319e-01
1.560220432327813767e-01
-5.769670796819552638e-01
4.338684114843459616e-01
4.499462733632174638e-01
-6.469304875111745456e-01
-3.121576191843328241e-01
1.164206830464182690e-01
-6.020352158474909787e-01
4.615969110204246051e-01
1.062684512653725571e-01
-2.894469318251179923e-01
-1.914696421242378099e-01
-6.501761685914746458e-01
-3.670708289944356606e-01
6.415663181763249234e-01
-1.988769271263422511e-01
-3.210110881973703423e-01
-4.632004141673550790e-01
6.834193482027333122e-01
1.260255771738855446e-01
-6.055177754262329737e-01
6.729514329598729194e-01
5.895159060029536713e-01
1.328410700533976807e-01
1.000000000000000000e+00
2.674068671415344434e-01
2.118342281607145661e-01
1.531936299609851226e-02
-1.706072400888353768e-01
-9.612006373082286614e-02
-6.230923637609872556e-02
-8.883583976845179642e-01
9.300457320998394284e-01
-1.000000000000000000e+00
2.015988527686330967e-01
-1.925707188530651204e-01
-1.864120092604635570e-01
4.348296290426558741e-01
7.877051456991343570e-02
-2.680385459465071951e-02
-8.044736525374573954e-01
-5.811642593454061090e-02
5.357697169830549777e-02
-1.667314505968266747e-01
5.028585989976930293e-01
-4.112015113779991515e-01
1.931202408175015928e-01
-3.508728150562169246e-01
-1.284639949897337374e-01
9.496728302754349205e-01
6.986669335992065077e-01
-5.783130100361334458e-01
-1.089374347506140983e-01
3.158790360800109442e-01
8.529770351165504305e-01
3.335532126434751499e-01
-3.783480098326940655e-01
4.874198667589262346e-01
2.929016036477176121e-01
-4.726168069187792753e-01
3.703123003959145620e-01
-3.430270548086082893e-01
-5.648570778307041018e-02
1.000000000000000000e+00
-3.307461500680073385e-01
2.172448413554195490e-01
-7.963060383438121947e-01
8.654462128427072853e-01
-2.212891682939583105e-01
-1.729265300221737300e-01
1.747544383542594670e-01
-2.948992763019143704e-01
-6.289585760331897202e-01
3.576613760145279097e-01
2.344761863259268164e-01
-1.208189939404162583e-01
-1.851893980919437355e-01
-2.129977720500821070e-01
5.247136095206342832e-01
-1.121042142246692075e-02
-5.242445399460285982e-01
4.105760375786337013e-01
-2.278712281889077595e-01
8.346302899370121597e-01
-5.166877207725295573e-01
-3.433868626831920734e-01
-5.654825200312223465e-01
-5.387283853178974624e-01
8.579918470028560229e-01
-1.066363254799431448e-01
-9.451090254480905006e-01
8.697018801573581648e-01
-3.390380683334548451e-01
-4.846334036206125240e-01
4.642153565183492203e-01
-6.241738022860581214e-01
3.495172418367834682e-02
-2.778565057886609457e-01
-1.000000000000000000e+00
-9.131636281550730150e-01
8.585347269672513604e-02
-4.011610995371271970e-01
1.630801341140056815e-01
-5.530641204858024462e-01
6.390411102043898062e-01
-3.339636928391749304e-01
1.501439420941417247e-01
-1.268038354187039363e-01
1.000000000000000000e+00
-2.647994367708090407e-02
-9.290242284520241339e-03
-1.807454621468389255e-02
8.817474108011191802e-01
-1.129014189604879009e-01
3.608009870267230301e-01
-5.997874530237694568e-01
-3.745489145174046297e-01
-5.305515841145339723e-02
-3.136353633478767278e-01
-5.285026779868146063e-01
-5.538345858379958297e-01
7.156503287246742673e-01
3.560921751662911028e-01
-1.000000000000000000e+00
1.156007411896710774e-01
-3.243625895941151249e-01
3.971448944838306128e-01
-1.995905124908304296e-01
-8.463651463240285944e-01
4.090688584596043065e-02
7.452194636823256113e-01
3.289354807621391874e-01
5.417673290528521868e-01
6.172006954340080176e-01
2.306101525498129023e-01
9.407791047012120655e-01
-8.320186438680262642e-01
-3.297458899765580154e-01
7.264821441512391287e-01
-9.955973739094549080e-01
-4.635585263416426294e-01
-4.692202226760586736e-01
-3.109071173082399442e-01
7.957090595404993083e-01
6.288589682785943324e-01
-1.905675567745821197e-01
5.964231850894607945e-01
3.286812885196581657e-01
4.005007321778354390e-01
3.623977204998021784e-01
7.673054602094813159e-01
-1.453777309558743069e-01
1.863546482065289722e-01
-4.813792200088489182e-01
-4.310954360967175769e-01
-4.178229995041324307e-01
2.043061743753153692e-01
-4.547895362082058912e-01
7.120171210573089660e-01
-7.707034147351980724e-02
8.990437245486103679e-01
3.518710354172580046e-02
1.019650203464850247e-02
-3.002854606204344301e-01
4.298334615542340198e-01
1.000000000000000000e+00
6.128166029847803564e-01
-9.731915510298153049e-02
4.095010181597407151e-01
2.472719708559671103e-01
1.836942229563698348e-01
-1.627295109836082443e-01
-2.466086339995727794e-01
8.763790243870375751e-02
-1.000000000000000000e+00
7.004980901165334117e-01
-2.628823538914187852e-01
-5.119449263198410094e-01
5.579041546270349095e-01
-2.879669705260254897e-01
-3.635712497962084733e-01
-1.231878386008156689e-01
-3.041601130050340385e-01
5.172481427720330149e-01
2.758355340320741700e-01
-1.000000000000000000e+00
-1.000000000000000000e+00
-2.396277832360650395e-01
-8.585921962009585018e-02
1.014711337479746317e-02
-2.354237398078576904e-01
3.530087899169228050e-01
-5.849209139729232287e-01
-9.111458428070449145e-01
1.845454544419244947e-01
5.622989504717883502e-01
1.000000000000000000e+00
3.545038480931878011e-01
-2.628107832004552002e-01
-1.848900174378227401e-01
7.773035719960718071e-01
-2.939536076312350144e-01
-4.495082580349282764e-01
-3.565605916273585363e-01
3.149870696064178688e-01
4.958246422795319908e-01
5.811257028474303699e-01
-2.432665724679574093e-01
-2.018636278442957899e-01
4.077062236033080489e-01
-6.628118238650053673e-01
-2.554447637194892096e-01
-4.212424189486443371e-01
-1.881157439236896267e-01
-2.424286242781061307e-01
7.137156152253083530e-01
2.827013555061750338e-01
-6.819774838859820054e-01
-6.222092475065530426e-01
1.734847986797189989e-01
-1.668714566371936811e-02
-1.902876325601393914e-01
-3.956897775075659540e-01
9.566774802874729311e-02
1.534972160003531330e-02
1.802701037756614388e-01
-6.694962656569322657e-02
1.053472223802738583e-01
-3.385004092138761411e-01
-3.512989491866821412e-01
7.709400262982701868e-01
-9.829441486065145783e-01
-3.221197366292843922e-01
-2.712957034594435379e-01
-3.272970770584062716e-01
-1.289383222566794773e-01
8.123982904178295161e-01
-7.914502546872073108e-01
6.829560713875839628e-01
6.568056931601865545e-01
9.386371646109555877e-01
-3.950982364365747124e-01
4.557297679633875997e-02
8.714501376449326209e-01
1.501647835113063545e-01
-4.548487233703469856e-01
-1.000000000000000000e+00
-3.645271259968284605e-01
5.946369367521308069e-01
-3.414688925702600297e-01
-1.937260794960300736e-02
7.148033112021675572e-01
2.151193232254263732e-01
9.222125379311943427e-02
-2.421428244464272905e-01
3.866180837080245847e-01
-3.321844512127933302e-01
-3.771601350281467702e-01
-8.034729159199144322e-02
-5.546342831851044375e-01
-6.905948452654692149e-02
-2.572666172161411913e-01
-6.812611418004468344e-01
3.489543325548229435e-01
-4.042012401985120018e-01
-5.549476338538708031e-01
-4.598244315973844532e-01
-2.910282431465160413e-01
1.312182811738892285e-01
-1.000000000000000000e+00
3.694424126832839828e-01
2.658856310946964424e-02
8.415568995658198048e-01
-7.820850274576079952e-02
1.544616656474794847e-01
-6.709321264002451879e-02
3.888043793754671906e-01
2.465767979645364094e-02
7.323315426975577358e-01
2.462836450013107248e-01
3.726104721558357036e-01
-5.604310952644202537e-01
2.998575109364058910e-01
-5.034288687191987854e-01
4.109247458740000747e-02
8.081689698245065889e-01
-5.285963101041207812e-01
3.741998603241153409e-01
4.312475901945121426e-01
-2.309146968935253397e-01
1.358143771738042072e-02
-1.178768712102205851e-01
-5.349860570236392859e-02
8.987457660909433654e-01
1.641094012934013469e-02
2.402219831317566612e-01
-9.133829974123375273e-01
-8.762504758153051299e-01
-1.576662322376940623e-02
3.514991941532970010e-01
2.608655859900865792e-01
6.472895587284763566e-03
1.450436064814341064e-01
-1.118050392880811095e-01
-5.450108366674347865e-02
9.796106499541128443e-01
-2.818050163648870288e-01
-1.883315781045431514e-01
-9.303981993132707240e-01
1.252017008981583523e-01
2.796287812167566611e-01
-4.838848557439872078e-01
-2.709671228171492419e-01
-9.887881348950021410e-02
7.633513596489894804e-01
6.999377761838924961e-02
-8.394116007007297597e-02
-6.928628216648762272e-01
8.968034389133667794e-01
1.478592116004361079e-02
8.169643211235751989e-01
4.752701229941452277e-01
3.523982934588134608e-01
4.176444638960409850e-01
2.761025752554463475e-02
-4.454024090935288505e-01
-5.216349943567786251e-01
-6.724976343822618441e-01
4.459445049878898309e-02
-8.451650524890185201e-01
1.422427120078390561e-01
-9.023252014207875371e-01
4.370577405127190063e-01
6.626290825950381658e-01
2.193189500052426244e-01
1.787607825763977420e-01
-4.435019363650459512e-02
7.540368065083018490e-01
-4.930236552735787758e-01
4.696120860234938021e-01
6.575443378480914092e-01
-1.917082233780328104e-01
2.714507887544960751e-01
9.376964541948886733e-01
3.177108981486123085e-01
8.696558651546399954e-01
-4.815829935299844600e-01
-3.194497502170589032e-01
-1.948274777110131084e-01
-1.581462769227818255e-01
-6.290605459651582576e-02
-3.963953873335311906e-01
-1.602036823176462288e-01
-1.903861914354537666e-01
1.230203263162603193e-02
-4.148885547225843462e-01
-1.045821206830611638e-01
1.000000000000000000e+00
1.822686562251401021e-01
-8.319778209777788369e-01
2.828113334603655216e-01
7.666905043514445073e-02
-9.176293187749254288e-02
-3.387360947512784715e-01
2.385390161752961591e-01
-3.118954100615686231e-01
-4.582269373431747117e-01
-1.000000000000000000e+00
6.714390192260306645e-01
3.722356437489508091e-02
5.540206571204863151e-01
4.619628209477368852e-01
4.208547593072812232e-01
-9.543360803790057467e-02
4.735565271111839558e-01
6.112945074832745185e-01
-2.870929391033134603e-01
-3.300313701193196558e-01
-4.228522170471886721e-01
-6.085842267000931560e-01
-3.831437345848325293e-01
-6.207776587820229564e-02
-2.033513819645745013e-01
2.614468135145011501e-02
-4.926750756020560895e-01
-3.756189286302037411e-01
-6.067467955490413178e-01
-7.715396676999528580e-01
-3.976435231023264794e-02
-3.669676897026614704e-01
-3.892419935062963465e-01
6.494347509259715823e-01
-1.753060675089003762e-01
-5.983386870088023279e-01
-3.351452848662190287e-01
-5.953182722636128910e-01
-6.374611767222929659e-01
-1.000000000000000000e+00
4.206627036805226094e-01
5.186183192300115596e-01
-1.584685936598219935e-01
-7.217453824655777339e-01
5.329498625208668461e-01
1.305467361742578825e-01
-9.491827120354711100e-01
9.408442344223968412e-01
-3.096848170389306966e-03
2.436087025283423801e-01
-6.110301704143015350e-02
2.270515254174417796e-01
-2.899223236135188286e-01
-7.544138396661780321e-01
-5.664271465251777826e-01
-3.295053159895400263e-01
3.352269199453796755e-01
-7.098913717052305339e-01
-2.893300585155411664e-01
1.834406094209947713e-02
-3.054500837500508936e-01
-4.709599027598312254e-02
-3.457063167076812049e-01
2.029820019541078713e-01
-6.784218386586837735e-02
3.671563936351390223e-01
-4.343316489878542019e-01
-7.889316775391328473e-01
2.843167527836683028e-01
5.444365469216139175e-01
-9.095382805276892579e-01
3.330509363981030146e-01
9.505626019668755866e-01
7.731396609392050534e-01
1.127471403408010359e-01
9.374934707930669686e-02
-3.626324322342393547e-01
2.245908470124009793e-01
-4.183605043158087344e-01
-1.940864713949577436e-01
1.971847760022877316e-01
4.133241567300962593e-01
7.543273079585316454e-01
-6.833395671922948278e-01
5.007650481547962773e-01
-1.806601439912728924e-01
-7.043785354462481774e-01
3.298488411512896512e-01
9.254865804667883333e-02
-6.498504457975888826e-01
3.683967450524248122e-01
7.500162577280291565e-01
2.067867041110353354e-01
-4.974809715802563370e-01
-3.418140784054118919e-01
4.187295867493430190e-01
-2.187118470433614126e-01
-4.407784857619842511e-01
-4.255608219950999249e-01
3.377414536608737416e-02
-4.910231061084223692e-01
6.191470555553500038e-02
-3.785076137182689093e-01
1.682628104281181924e-01
2.040239279252369364e-01
-2.725227997083925491e-01
4.170374699824638820e-01
2.122502360626621065e-01
-4.770740303864579035e-02
5.217154283115374991e-01
4.470247956067447404e-01
6.230745152618427651e-01
2.005576456800986229e-01
-2.475262184110553765e-01
2.112087582904015326e-01
6.730640916554049280e-01
-8.188450769358691650e-01
-5.651454111923105428e-01
-1.000000000000000000e+00
-7.016410645414179748e-02
3.367872453595922161e-02
9.108398045955952149e-01
-3.696735425506952888e-02
8.930638076251742885e-02
3.080461249532908119e-01
5.555817569673788814e-01
7.557845113958854277e-01
1.000000000000000000e+00
-2.035937138150447079e-01
-3.284798104607797309e-01
2.411885625464091909e-01
-3.780391041948965442e-02
-5.726738342831261264e-01
-5.688250455359482594e-01
1.000000000000000000e+00
-1.187894082378055938e-01
-1.087549558316426024e-01
-6.182785758784760111e-01
-6.585024992673698119e-01
2.038488727771767817e-01
-1.604126442536639163e-01
-6.621866707206919278e-02
4.696654402632298442e-02
-6.703639183141296698e-01
7.208937635288216461e-02
2.622267300166111759e-01
-2.335565991680043640e-01
-1.224804764065047513e-01
7.127828230051068692e-01
2.004321573354337083e-01
-1.341287209946505077e-01
-1.845463228192850691e-01
-3.566109773188012033e-01
7.159606271919312093e-01
6.072822100506383158e-01
-6.517870785898220998e-01
-1.699032296137307219e-01
2.339676329582288383e-01
6.524337923824092833e-01
-5.840588311571383029e-01
-3.364676075526507049e-01
-3.568657197003568537e-01
7.086107055936718968e-02
3.135983940057290864e-01
-4.832090124720139768e-02
7.219649771419576201e-01
-1.123444261916248937e-01
-8.516974311218498961e-02
-1.624495719914934716e-02
5.193091654837461713e-01
-5.194788947088152531e-01
3.831857508156558678e-01
-8.084745613463210079e-01
-4.714476492198426127e-01
2.934982102128533832e-01
-6.815139774056161448e-01
-1.725583287266282961e-01
1.830221752040030181e-02
1.576513481764867386e-01
-2.706388094112492926e-01
-6.651010150514141683e-01
-5.860392509311966869e-01
-2.436014549493052961e-01
-7.702394201852670319e-01
-8.191495579784761061e-01
6.474610263128448562e-01
-2.283075382170598466e-01
-1.611125478688128498e-01
-6.479256086838995898e-01
-5.818643673086689727e-01
5.950774767031434542e-02
3.000751485975523547e-01
1.290175079855234719e-01
1.532003245818484571e-01
1.000000000000000000e+00
1.202704845096428943e-01
-2.826784903341140742e-01
-5.017712759328669669e-01
-3.620205413653813098e-01
4.979959917269551339e-01
7.129415872003299626e-01
1.000000000000000000e+00
9.800116087165589018e-01
-2.627248792583131154e-01
-3.286860657917076711e-01
1.228647863767419190e-01
5.981406193177052355e-04
5.217561157714053488e-01
6.339202293234549312e-01
4.176482472753797470e-01
3.632127594160335371e-01
1.242506034874826526e-01
-4.891763715035254423e-01
3.729509211180178641e-01
7.452022539785150279e-01
9.361650426459324770e-01
4.401883248648135738e-01
7.873371026252142801e-01
6.609530235935211495e-01
-5.624599707444061236e-01
-6.118723606698128759e-01
3.802066521819676970e-01
4.697165806849546432e-01
1.821649925595196159e-02
6.429402568405720997e-01
-3.714996311090406067e-01
2.022765951329026368e-01
7.603093113688150217e-02
-4.471564825642714291e-01
-8.776445689622568436e-01
-2.934383104743529258e-02
-9.987740646879059714e-01
4.390096092689748097e-01
-9.446746364405948782e-02
3.510458555671079894e-01
1.422926494491464355e-01
-7.758426551672953364e-02
-3.931872901112285490e-01
1.101139998344358439e-01
-3.037548438415093033e-01
3.514440525202133792e-01
4.500614363019422859e-01
4.060428297551715859e-01
-1.652331802473209765e-01
1.277213738706933430e-02
8.134888015622976365e-01
-9.473735988671755370e-02
-2.424282380665358783e-01
-8.233918703164037900e-02
-1.824030187573035255e-01
4.157675217015009972e-01
4.242566280213843494e-02
1.440253813793082038e-01
-2.493068695188656869e-01
-2.432692448151549947e-01
3.111594125705508529e-01
4.336838879549786974e-01
-4.577651340408421810e-01
-1.000000000000000000e+00
-4.139180395152332603e-01
-2.818331242946034432e-01
-1.512943346073183370e-01
-9.491188173292054719e-02
-3.117531534017287109e-02
5.305132533066948541e-01
1.830915280850947680e-01
-1.241433096846998874e-01
-2.803438743452206783e-01
-1.000000000000000000e+00
2.147789207777620057e-01
2.194563525490668687e-01
1.029833253291044803e-01
-6.558890418843930092e-01
1.148015102730147730e-01
8.721310639395236652e-01
3.411838731837819605e-01
-6.747633155779306224e-02
3.642739784182809082e-01
1.146500039505400081e-01
-1.299807034718910570e-01
-6.428504703040744950e-01
-8.343543442258845033e-01
-1.162200152121099089e-01
1.222458933996611041e-01
-2.438505433145019552e-01
-4.824674518845740306e-02
-3.337910517250325393e-01
3.515375664875948214e-01
8.640091812175119956e-02
-2.558466584303167313e-01
1.000000000000000000e+00
-9.998112163728406498e-02
-6.206845897738988427e-01
1.209149082082358606e-02
-8.664573084371021139e-01
-6.547846632112689844e-03
-1.000000000000000000e+00
6.102442382001468379e-01
-5.102917562686782871e-01
4.352643218323292706e-01
2.577644617604680222e-01
-6.485497593240667769e-01
6.233594821764854021e-02
-2.497297422370987896e-01
-4.837075847893518299e-01
4.894835851707752261e-01
-2.526395827369460889e-01
2.866359324931074815e-01
3.466770334899258454e-01
3.283260981303014470e-01
1.193232788286046064e-01
5.788233015421904160e-01
-3.502927590864855778e-02
-1.491480676876266948e-03
6.537590528334169537e-02
-8.320763323307462933e-01
-4.845329543032213526e-01
1.754679458393099134e-01
8.955376144526857596e-01
3.612289463212707552e-02
6.603826143452350139e-02
8.698460062117294722e-01
2.838903927279731176e-01
-2.875977353023186911e-01
4.571237030604857060e-02
-4.533663018559511704e-01
-1.000000000000000000e+00
2.449444744697257814e-01
2.818812465535199263e-01
-2.190713292626204622e-01
5.446360670792141923e-01
-6.727405972591932182e-02
4.085561175019843116e-02
-1.030222704570663977e-01
4.794708624436370137e-01
8.051031772449999124e-01
6.699094137258944093e-01
-4.140857115104122355e-01
9.327035863266364135e-02
7.783181758420336660e-01
-3.511023023832817724e-01
1.293128996428129507e-01
-1.000000000000000000e+00
3.658411499068554562e-01
5.967099010745774423e-01
2.619959763010398790e-01
-2.061675511177087916e-01
-9.677969949871334521e-02
7.190667568905296791e-01
-2.121674649961776682e-01
-1.941843058634005748e-01
-2.880704820927619259e-01
-3.395647495615965461e-01
4.944760704357235026e-01
1.963678401778223837e-02
-2.607262438858914955e-01
-6.927409969863835837e-01
2.226324482999547938e-01
2.390563312366631166e-01
3.493952336919203816e-01
-1.545723014835105949e-02
6.046695603706230271e-01
9.714071606725354080e-01
-1.742030914886422144e-01
7.408836969321055399e-01
-2.292202643771361625e-01
-1.000000000000000000e+00
2.899599332706568888e-01
-1.303710292150607741e-01
8.990159517665755051e-03
-2.880354817460572536e-01
3.893986962795566997e-01
6.278391109552940996e-01
2.995843539650778764e-01
5.214746160123843316e-02
-1.133360012279663320e-01
7.886472831098527425e-02
-4.084286675151585499e-01
2.678757080277757718e-01
5.919923157427724458e-01
3.991172630615235084e-01
-5.187589905795708667e-01
3.693527685022134355e-01
7.560731823608274338e-01
-2.162626969465316629e-01
-3.843880788521388814e-01
-4.617593801578574741e-02
5.210459468488607415e-01
-3.377133579104908967e-01
-3.865905886834954952e-01
3.277428641679961396e-01
-2.783730990475445921e-01
-3.921048305397378808e-01
-8.838320560464683062e-01
8.592150971239512214e-02
3.803672363719631244e-01
-1.000000000000000000e+00
-7.059876660592905306e-01
-4.157563286050739992e-01
-5.423660597438675346e-01
-5.426142583102815387e-01
-2.985458173191585241e-01
4.817022989630853624e-03
6.653761989086273143e-01
5.444646408312463493e-01
-6.744215817320170503e-01
-5.613475690804843321e-01
5.085794493892249468e-01
-1.789943318172896314e-01
1.205008411940574897e-01
-8.354368353796073343e-01
1.488741577686719109e-01
-3.591782944770766650e-01
-6.558779353785460821e-03
-1.349506091025244048e-01
1.048963260530730301e-01
3.045473246317557114e-01
2.374364803669757329e-01
1.255557312838148920e-01
1.496223316289006441e-02
1.639603901392535923e-01
7.088194302572280170e-02
7.343642888356636256e-01
3.566949028180262382e-01
-4.962119511259534266e-02
9.574028849219597126e-02
-4.483489943807252298e-01
-3.239390663696600781e-01
4.843647403052051548e-01
-5.799100765146329023e-02
-3.695460201058277105e-01
4.998861321885515463e-01
3.165107855626895783e-01
1.427226154169166858e-02
-1.000000000000000000e+00
-8.463911405321815351e-02
-3.663186493676918731e-01
-9.757495673243143930e-01
-3.334551159867787384e-01
-2.139774489594576112e-01
6.133227670637212414e-01
-2.291469369298602676e-01
-8.305141631604451291e-02
-6.546851835034138423e-02
8.300048466222166577e-02
-4.021233908664097467e-01
-4.639939981332303898e-01
-1.000000000000000000e+00
-1.547064303393930196e-01
-4.788262973651715715e-01
1.739857908204884285e-01
-5.403070222617702978e-01
6.557121896638196112e-01
-5.437544750552191219e-01
-1.846840761221042182e-01
7.284172536445943091e-01
2.951510915079432751e-01
-4.742332131457028810e-01
1.000000000000000000e+00
-3.026299253976144077e-01
-5.344763082545083144e-01
-2.367937409456481457e-01
-3.181499231568751251e-01
7.078553081613146725e-02
-5.426679226862610728e-01
-4.421433326887097559e-01
-3.991874351082327355e-01
-6.384174035273334491e-01
3.516835741966586326e-01
5.741418325897155311e-02
3.271747296643900405e-01
-1.699901211947467128e-01
-1.751507888296295334e-01
3.621294982621260372e-01
-9.476073930117115407e-02
6.421794349532499169e-01
1.987282127009542543e-01
4.698261261696048408e-01
2.437997314058127918e-01
9.094520521952360603e-01
8.123830543554444450e-01
-4.827916351390665328e-01
7.190590064293874706e-01
4.095506373495508279e-01
4.663826157477796164e-01
2.018161775536689850e-01
-5.684721909231793546e-02
9.602646503562316249e-02
4.996328779005195786e-01
5.057329662319739461e-01
4.037989529796943144e-01
4.950668469769718971e-01
7.100551334917021284e-01
-1.407222321539349785e-01
-3.379930850673774634e-01
2.506989080789817081e-01
8.885152960729227889e-01
-2.627615657202710397e-01
-2.166555226600548889e-01
9.854981883479005944e-01
8.968053690073896078e-01
5.150045451100224714e-01
-1.299301487002659794e-01
-1.634136873795844214e-01
-2.099298198426308992e-01
-1.079376132844336172e-02
-4.416810248752141010e-01
1.269474721207574097e-01
6.668144549405000121e-02
3.322664917729122869e-01
-6.390522185577840464e-02
2.791651696086594470e-01
2.443458413267790563e-02
1.758089168111887091e-01
9.282820707423264928e-01
-1.935876751056406220e-01
8.046654762939274841e-01
5.072990610521150856e-01
-4.043884417624136196e-01
1.556470014873094221e-01
-2.891266571753478010e-01
1.991248175209907600e-01
1.000000000000000000e+00
-7.042798928524740543e-01
3.918681762404044866e-01
-2.307281685394868276e-01
1.398522050498993696e-01
-8.507838737370108095e-01
5.763467426271177974e-02
1.908574196694723391e-02
-1.780678310496418004e-01
1.769494946418198877e-01
-2.648163870006188247e-01
-2.280080757885470932e-01
3.303031772850322789e-01
-2.897924723429568528e-01
-6.354914094077825926e-01
-2.924222371157250006e-02
2.011524479002252674e-01
1.193128305140497836e-04
2.502941949631096730e-01
-7.995693309848100894e-02
-5.240239379015481092e-01
9.681328481398270291e-01
-2.511194334218629365e-01
2.723554336210812776e-01
6.215211268476635714e-02
6.936326902988710907e-01
-3.720740728205096381e-02
1.000000000000000000e+00
6.760153472183373369e-01
1.193687460007797907e-01
-2.550838852019956526e-01
-4.472926652687776450e-01
3.086033257614830827e-01
-3.606749046996323149e-01
8.369420764926391865e-01
1.121048364136644632e-01
1.049855838905803390e-01
4.376115950891559248e-01
-7.617115035630573905e-01
3.154970474727653573e-01
-2.907278409155516496e-01
9.095092359466452336e-01
-3.891659116094831061e-01
1.260532238141393729e-02
2.146640435961607030e-01
-2.973698107221255382e-01
4.143250475973734859e-01
1.594052416541081874e-01
6.309041371771085815e-01
-6.629888697432199940e-02
-2.039667760072478297e-01
3.476384246906993880e-02
-5.347852340931305015e-01
-9.224843378506490943e-01
-1.501008948193837678e-01
-1.471528391729994834e-01
-1.900544826986875768e-01
-6.948848010501149641e-01
-6.122078039664698157e-02
1.638265527858842052e-01
9.576485203122668821e-01
9.634811763229568227e-01
7.368382261146623202e-01
-5.398400352960180948e-01
-3.158059742988970076e-01
6.598534731351864135e-03
4.245733281253705194e-01
-5.690556180174813905e-01
-1.331079097156471769e-01
-6.800467206463922665e-01
5.994761249382178914e-01
-8.538036561040246442e-02
4.395170454824972595e-01
-1.297715703329268555e-01
5.085758201706596093e-01
2.584873157678996280e-01
-7.030585298801916849e-01
3.141875143245490554e-01
-4.751486374973154514e-01
1.730985583387542326e-01
-1.000000000000000000e+00
-2.756674112194344439e-01
3.479564166795662272e-01
-1.614537193240927759e-01
-3.059726851555958360e-01
-5.619916993011949691e-01
2.475512872186961810e-01
-9.134425925171785199e-01
8.406971537285451435e-01
-2.068093868714251382e-01
-5.362947137803911746e-01
-2.183055487661192395e-01
-4.063125973629647114e-01
8.145068520850948235e-02
-7.142264201081459651e-01
9.063867423026983339e-02
-7.565566806882771667e-02
-2.619643306868877364e-01
7.351011563632027235e-01
4.131618507997845274e-03
-1.000000000000000000e+00
6.450761834579459286e-01
6.904081136891154769e-02
-2.651828442943100494e-01
4.950431994811115288e-01
4.636133006307947557e-01
2.489038711569244167e-01
-2.009029300674151641e-01
2.130195143626837928e-01
8.052893552060985671e-01
3.790811716885838512e-01
-2.822264087494633644e-01
-8.135769226438030466e-02
-1.444375482592277216e-01
-8.076773556723240710e-02
-6.098699171200270275e-01
-2.291478235025778964e-02
-6.685581279594987603e-01
-3.670872286814393926e-01
5.267774815234695929e-01
1.781070552875034241e-01
4.766507398832865450e-01
5.548430875194538814e-01
-1.387175196609984895e-01
3.531885435092509962e-01
1.225162696359063247e-01
-4.325811480799187092e-01
-5.380724793938777006e-01
8.124785066816021806e-02
-2.735665826324681360e-01
-9.203694820192941384e-01
-9.096444969825567828e-02
2.154225277573721398e-01
-4.354872358150592149e-01
8.639561426961719359e-01
-4.120819699033216876e-01
-1.434352272895610403e-01
1.000000000000000000e+00
1.620034465217297659e-01
7.088046879427852831e-01
-9.519571753794552338e-01
3.229481743963348306e-01
-1.340582206832088841e-02
2.788376485414139072e-01
7.578433939828527199e-01
1.000000000000000000e+00
-5.854577688991526030e-02
-2.908295616580735543e-01
9.944123359047485344e-01
-3.627381566504539467e-01
-1.718239766276876135e-01
-3.818259422157501692e-01
-2.363982448149937188e-01
5.152281046908127049e-01
6.006736736117548325e-01
-2.841262013065950498e-01
5.230840118035824382e-01
4.322939971881812893e-01
-1.054323476568885948e-01
2.948665109214465563e-01
-1.625426396293234432e-01
8.115722985324993477e-01
4.573152162156546297e-01
-9.246977935550689809e-01
-4.548464087456733917e-01
4.220504391104769604e-01
5.746956804155031184e-01
3.488053139130458113e-01
3.064434187712601898e-01
-4.734167508735790536e-02
2.318948464920771169e-01
4.252452412034440909e-01
2.189780039422934144e-01
-6.156655691962662491e-01
-4.514047917192334780e-01
1.002410059007986937e-01
-2.476089228160295308e-01
-4.873736235395614846e-01
-4.908632417365246109e-02
-2.883306867698512965e-01
-7.464280526323490150e-01
-4.156956448335000776e-01
-6.791099066452788158e-01
-1.610705994290367316e-01
-5.336861236897275096e-02
2.279963387474968628e-01
1.743766000930516979e-01
1.188891613932229474e-01
3.490988744381523512e-01
1.572420047081879990e-01
-4.415725264608971051e-02
2.724085750227399627e-01
-6.289646423183443691e-01
6.675350851122053841e-01
-9.566986863833576438e-01
-2.050115726089251494e-02
-2.751223429918895833e-02
-4.231366531776552531e-01
-3.079395755199633156e-01
5.259428104577403840e-01
-9.986987369205512222e-01
-2.645064021479828220e-01
-2.228832724839047708e-01
4.403460029757406691e-01
9.655636891122210130e-02
2.566634048434341953e-01
-9.256411734162754978e-01
5.841112193330601915e-02
-4.101351208506368584e-01
-9.666595195342093660e-01
3.618198585461703809e-01
-1.140423068620646796e-01
1.303173017443707282e-01
4.130485178196008356e-01
-6.236146146205678864e-01
4.087638432430905633e-01
8.437959744067451140e-02
-1.952552419041589382e-01
7.759961618870346856e-01
-4.367450400296403190e-01
-3.489116558724092432e-01
1.587613023781923038e-01
4.229796208584632455e-02
-3.271389227735346239e-01
-4.249676131135136647e-01
-3.176177913162916422e-01
-3.093298245169260330e-01
-7.205469947828141430e-01
-8.196851401960417727e-01
-6.351489747370810124e-02
-1.000000000000000000e+00
-2.819824615857508543e-01
-5.812770683691541596e-01
1.482652358145593874e-01
7.715720669443144608e-01
3.709680278978612078e-01
7.890783375880119910e-02
-1.000000000000000000e+00
8.774015685119389563e-01
1.746965934232407869e-01
-9.704481680105411234e-01
1.970324583233001026e-01
4.555080526655738704e-02
1.777548642344942420e-01
-4.156992388357496487e-02
-6.852482417363038592e-02
6.410593384645779658e-01
-1.258484408410313060e-01
1.000000000000000000e+00
-9.534770559221821262e-01
-3.138336903594363680e-01
-1.924071681712957449e-01
-6.594335543798992560e-01
1.302395888676599264e-02
-5.663550671149071292e-01
-2.859249967889385124e-01
-2.159418932417990766e-01
-6.277924073046029507e-01
3.389368377746329042e-01
-6.698650076585125346e-01
-1.000000000000000000e+00
-6.784447324155157277e-02
7.337173138636637892e-01
-5.149761929357676848e-01
5.536214765473608246e-01
5.342013372946402550e-01
-3.128498655608164675e-02
-9.992111979282345402e-01
9.834331755971963407e-01
1.000000000000000000e+00
7.565597566834465493e-01
2.371984011721824104e-01
1.000000000000000000e+00
3.594418028293173695e-01
2.781363111195702675e-01
-4.768075149862597284e-01
6.724779322008218596e-01
-3.779827110953946079e-01
7.385728802604588084e-02
1.000000000000000000e+00
3.410705665327739000e-01
6.890921872439133011e-01
-6.933125633368842911e-01
-4.605291431806290969e-01
-1.632583919953372875e-01
-7.430660582426766858e-01
-6.135782900558031105e-01
-4.367168495375277626e-01
2.338945836192377059e-01
9.189992139603210194e-03
3.403226102668169273e-01
9.236253157760127008e-02
5.931144056839827983e-02
9.290950127587370710e-01
3.709187177145314429e-01
5.543162507685724938e-01
9.127415620548942621e-02
-1.423338303855430642e-01
-4.885453937271261315e-01
-1.208282432848784005e-01
1.699055469507042004e-01
-4.491877730034911087e-01
1.096985534182853966e-01
-2.837262321395467302e-01
-1.054265908708588995e-01
-6.027235960567514095e-01
-5.786512405882326959e-01
3.542288747814540395e-01
3.890920765658916203e-01
5.608107204152508185e-01
-3.135046254672861910e-01
-1.024756707209507067e-01
-9.751092533328979683e-02
-6.469883764920525415e-01
5.590065588234473248e-03
8.312402632479138909e-01
3.829393753457771554e-01
2.684388760007618835e-01
8.514704107058389260e-02
6.587805941326903003e-01
-8.408053196654212691e-01
-2.251054553121779322e-01
1.973707436794653880e-01
8.706530894423571976e-01
-5.443221161548428277e-01
-1.143830643262201407e-01
-6.563391693127380577e-01
-7.680444320799396651e-01
2.696320309195569531e-01
1.941612470528406575e-01
5.853314179159563313e-01
-2.867901407188850893e-01
-7.865886239153521697e-02
-7.092760233906772460e-02
-2.251131480175463384e-01
-1.406510275063640736e-01
-1.408224688059300511e-01
-5.110780110882542360e-01
6.126031926151636053e-01
3.211204774940743523e-01
2.512324342458884807e-01
-2.335099133798778648e-01
-7.436218225526438630e-01
9.413972129528744848e-01
-3.773129566721115102e-01
5.842241563024790363e-01
1.161517764789493784e-01
-2.540834686315402435e-01
4.592967132001726793e-01
-4.407597997324534944e-01
2.967250123988639521e-01
-1.000000000000000000e+00
5.339938292888609661e-01
2.806370871452747995e-01
1.371629384701414933e-01
4.267038411078103999e-01
-1.439310107965453001e-01
-2.109305577521675135e-01
4.046976873289003240e-01
8.309810197873102044e-01
-2.505723460759888832e-01
-8.246598788603329289e-02
8.788108705801273013e-02
-1.000000000000000000e+00
2.499568987420154320e-01
-3.405897127529227686e-01
8.271706979692325934e-01
7.010228586771340975e-01
2.479400285586147445e-01
-7.399685733903318963e-02
-2.093094734550583480e-01
-9.423876369052135160e-02
4.533370343742080255e-01
5.232901172865992434e-01
6.277210403297344143e-01
-9.014672150614420065e-01
-7.088770405385687035e-01
-8.005734529198648142e-01
-1.887326774647729299e-01
-6.273963935255505442e-02
1.511010069218883811e-01
-2.220719717750678501e-01
-2.699388445344196030e-03
-3.201566412950581642e-01
1.446563681746412811e-01
-6.725028774792423114e-01
-1.348884273001452472e-01
-9.803443744647538649e-02
2.143507779046325834e-01
1.264677395926153136e-01
-3.767407466137145944e-01
-7.330401578641971838e-01
-2.286076344150853035e-01
4.577475858730031821e-01
-2.725312671629071537e-01
1.385056510141469688e-01
1.000000000000000000e+00
-3.769628107933419014e-02
9.601084700109173697e-01
4.154860543691196728e-01
-6.683327153697097289e-01
-1.143769874176957940e-01
-7.464351126463475428e-02
-3.562019896565136179e-01
-1.124033564781401207e-01
4.260553478414364492e-01
6.990129014460405577e-01
-5.845422839647353985e-01
5.660927742052173084e-01
4.722554730002934686e-01
7.072138421210569237e-02
4.734005637235424446e-01
3.766429561806001747e-01
6.109417629942318628e-01
-2.083472935357917610e-01
9.617495113928277162e-01
-4.229057344343527536e-01
4.340408739396521831e-01
3.313213303083196726e-01
4.051411232038449883e-01
-3.139834084692236238e-02
1.000000000000000000e+00
-3.832521644177571130e-01
1.000000000000000000e+00
-6.798158043720042842e-01
-9.356145875488310892e-01
5.430674490646087982e-01
-7.564088590916217929e-03
-1.649255626035806555e-01
-3.473242365533769638e-01
1.000000000000000000e+00
7.712711329347664568e-01
3.885385692176333006e-01
2.689220443492668089e-01
3.631331514933900939e-01
-8.421367515955255900e-01
1.524381067553072511e-01
-4.191255725850496772e-01
6.755290961793589677e-01
1.611021419972703816e-01
4.086405268158576076e-01
-3.135616455389870216e-01
4.934559470214326948e-01
-2.457978843523451751e-01
7.256743696826140066e-02
2.540004874566779147e-01
5.897633146035001772e-01
4.176758325249929626e-01
5.986375832145670595e-01
6.632642464138974181e-02
-3.262776503165571440e-01
5.376260704241389021e-01
6.416529866092424150e-02
8.803177827209767159e-01
-1.000000000000000000e+00
4.753331400541006141e-02
-4.563044820556528824e-01
4.382109464277210709e-01
-6.555447869751582779e-01
-4.082262889920165727e-02
-1.315231710274830101e-01
5.435691045459483117e-01
-8.588587953557372812e-01
-1.384508073340150747e-01
6.966422935073895983e-02
-1.000000000000000000e+00
-1.639482652725365863e-01
2.653869597956683979e-01
-1.000000000000000000e+00
-8.385228948462866150e-01
-1.318849356421561980e-01
5.711083564739954238e-02
-4.054587894562683426e-02
2.801226601732932919e-01
1.381118909518454785e-01
9.974990420819787595e-02
2.687340191367537656e-01
-7.707602011218134264e-01
4.120544306889943886e-01
-2.884425270603929725e-01
2.298163103327044987e-01
1.876863797397780587e-01
2.493687068239616444e-01
4.705420152786005117e-02
1.717484834193937493e-01
-8.787225610415084764e-01
-2.680870339296397009e-02
2.608142603804475823e-01
-2.926567965975671037e-01
-4.731313155111078750e-01
4.765015438095424605e-01
-3.731143019089796509e-01
2.270878175397477161e-01
9.041353543114540869e-01
-1.992797318466731915e-01
1.926370266304863743e-01
2.627398573015598537e-01
5.302750646009051216e-01
-5.183552713175336724e-01
-2.029941670633701387e-02
-7.726218747461936764e-02
-2.645538564402639126e-01
-8.388956743379530345e-02
7.400871026975255340e-01
-8.493664342977256254e-01
-2.744122505431949577e-01
-3.303648997561917794e-02
9.336513975361636630e-01
-3.560958182532636407e-01
8.387478499303953061e-01
1.858622359220738762e-01
-4.356119440330737946e-01
1.967178743843342459e-02
-8.916428885162679396e-01
8.845685176484032741e-01
1.086980661486156574e-01
3.633681996228765310e-01
-1.168277735554914265e-01
-3.493267747535467871e-01
6.211414549249598405e-02
-8.621912152078468061e-01
-1.577320256306400381e-01
7.826764463775581770e-02
-2.688558658829845460e-01
-7.112590565988810010e-01
1.219790588317093832e-01
-2.954640252163113767e-01
5.665509212950006201e-01
6.558708733241183642e-02
-6.261967655630815699e-01
-7.789670057229045597e-01
2.351649014804918503e-01
-5.286060674222257116e-01
3.085765382286743685e-01
4.106542999800233962e-01
-1.000000000000000000e+00
-4.659812993939934089e-01
-4.625737462678593537e-01
5.827203670065268515e-01
-1.000000000000000000e+00
1.114298030082966767e-01
-1.000000000000000000e+00
4.833924574771895077e-01
-3.978922303206144373e-01
-1.364898649043023715e-01
2.366806984004555525e-01
-1.216834641871706035e-01
-5.898199576694712620e-01
7.813333172249053993e-02
-3.868062466718732439e-01
2.694382735196036438e-01
2.252753032828833102e-01
-1.092606262018113450e-01
-4.426152079791049188e-01
1.795470496179911724e-01
-2.997866004379809782e-02
1.612293323688178681e-01
-4.491353867534678690e-01
5.025433178364895753e-02
8.585243126206655584e-02
-5.018900184370032047e-01
-1.000000000000000000e+00
-3.476565614531846871e-01
-2.288241645687483228e-01
-9.934233188627461519e-01
4.771409904090674337e-01
-2.097906018697134889e-01
-2.612082576070945961e-01
2.618164161579771276e-01
-6.364903844072073991e-01
9.026352982412664261e-01
6.213629537525371394e-01
4.555016092303283970e-01
5.862648141939083013e-01
-4.826872768013802384e-01
-1.681453753241313742e-01
-6.454371578506569174e-01
1.670399359895506641e-01
1.576840720236641347e-01
-2.042401890772639617e-02
-1.995188298613970179e-01
1.000000000000000000e+00
-5.661635644909145809e-02
-3.039639101054666392e-01
4.611136905081144599e-01
-6.289888787608061138e-01
-3.197558329376081199e-01
-6.819959270904007997e-02
-6.719218773767365871e-02
-1.099450812424956070e-01
-5.085926508245456334e-01
-7.268738314691489122e-02
2.066700385032164411e-01
4.971478198130299120e-01
2.771419251740356998e-02
3.042884762487416683e-01
3.318853449634977526e-01
3.124818677673757428e-02
6.106741820173904323e-01
-3.888780326412247801e-01
-9.994458184451895377e-01
2.447449406717792653e-01
-4.663253750839022604e-01
5.528696659870551144e-01
-1.489881790828701258e-01
1.369233110764093708e-01
-3.600084415300501273e-01
2.946474883693233071e-01
-6.573501350205933624e-01
2.700219176120859377e-01
-2.405480662826934846e-01
2.599206197025262233e-01
-9.926725570795349451e-01
6.937442125000241600e-01
-3.178372764577361842e-01
7.797293919105555138e-02
-2.086181347854342283e-01
5.044259221568976326e-01
1.636839986142227532e-01
-6.286002363779044089e-01
-9.927267805007594648e-02
9.185566610834067225e-02
6.817700641788991822e-01
-3.554136722390523473e-01
7.754294293670578597e-02
-6.420966978098721079e-01
-5.234278892867323396e-01
1.593605061598521722e-01
-5.243383924843359606e-02
5.427599384578716268e-01
-3.690965262646089262e-01
2.912814815528514956e-01
8.161186489034478742e-01
-5.489605758613105291e-01
3.064511159203513468e-01
1.428179566172418369e-01
-4.229652430748512965e-02
-7.363398020291005430e-01
4.850306593487395679e-01
-1.727748460683077025e-01
9.921651189346601951e-01
-8.980130903944786303e-01
1.963983612691440617e-01
-3.424031502494172541e-01
-9.934455185205792738e-02
-6.430073579414377072e-01
-1.888139123851486634e-01
-4.349407104204622287e-01
3.701244142516074698e-01
6.275026282816821288e-01
-9.178775791878468482e-01
-7.948745473518556426e-02
1.406204775074780533e-01
-5.096971359762677567e-01
-8.135494319361430415e-01
-3.441214079857704555e-01
4.389417224508056492e-01
-3.137713408354287914e-01
-1.479052191602540367e-01
3.686852930483569546e-01
-2.473282999655723735e-01
6.888018493878940163e-01
4.202232252378788058e-01
5.294346353944924255e-01
4.688222689927390441e-01
-3.304354009478848719e-01
3.125465354835836873e-01
-7.354567246909029521e-01
-1.428056014463720824e-01
-2.068738675725024234e-01
-2.146145472440147417e-02
2.063600123601849745e-04
3.470461193497676455e-01
1.438948423420843836e-02
-5.502220387727275730e-01
-5.450680789401934900e-01
-4.993434608229212479e-01
-9.170380006283421759e-01
8.672979372045960811e-02
5.326776212456398873e-01
-4.982872972586772226e-02
9.430363917083007808e-01
9.884954659900494489e-01
3.835459753994242549e-01
9.230655807445218297e-01
-7.313961219087306009e-01
-3.611434974822035349e-01
4.982125168049086339e-01
9.160825154330459741e-01
3.193488442146729667e-01
-1.686841736881271592e-01
1.772482338969675331e-01
-2.138456781349577507e-01
-7.850771807303272842e-01
-6.476761168889487719e-01
6.602639333565549773e-01
-2.600946631923987673e-01
7.484248034327189991e-01
3.058625056834408662e-01
-3.296605613684491232e-01
-4.624574362237887093e-01
-5.921031508913685709e-03
-3.780812499801816662e-02
1.297904701708584851e-01
-1.461133925509975340e-01
-2.256513010625710858e-01
-5.651587656125314219e-01
-7.086545085275386402e-01
-5.086792472776696661e-01
6.197086035087434608e-01
-5.240427454351648251e-01
9.654214603490102187e-02
-7.876164983587994328e-01
-1.833438638769436038e-02
3.899628815266088511e-01
8.693286172410763513e-02
-9.736659379380363522e-01
-1.447916886070986786e-01
1.265795703339438194e-01
1.663422479540729859e-01
2.371805610493131211e-01
-1.191487275999162654e-01
3.173745336193132260e-01
-1.524838600455374338e-01
2.703502896826666668e-01
-4.046664080989329504e-01
5.163262926297673694e-02
2.888708300607917279e-01
-4.549430076133564871e-01
-6.065730659832206939e-01
-3.292411350788095326e-01
-2.864103995674491254e-01
-4.969571053945855826e-02
4.199030326525835521e-01
3.114003440229580200e-01
-7.657835748646248941e-01
5.805699637329425622e-01
-4.415243530060579749e-03
-2.598709264712377176e-01
4.458261623729778966e-01
3.792727564163628218e-01
7.608304430106235250e-01
-3.388466694931860923e-01
5.165602222800284027e-01
-9.469056204618804262e-01
-5.558476851463340918e-01
1.033031409041650639e-01
1.245438929029804714e-01
5.573606648106614880e-01
5.514563331233848786e-02
9.221531828941778031e-01
-8.766311273861392417e-01
4.159374551418530408e-01
2.318330369523194379e-01
-3.680942787926046456e-01
-6.439346610272517202e-02
1.915524742733880625e-01
1.776765711873428688e-01
5.252061497087603392e-01
7.400712713426528533e-02
-1.000000000000000000e+00
7.244256376949756437e-02
-1.919164889009904867e-02
-3.301868759306335610e-01
1.000000000000000000e+00
-3.522539718993823732e-02
4.507139366387254986e-01
5.036376931811131080e-02
5.964411824095887660e-01
3.713852724220458867e-01
2.101431611595735438e-01
1.881190211791734235e-01
2.181429880747657313e-01
3.118731018027884883e-01
8.227615286031881858e-01
1.089231301673705271e-01
-4.873671952668440222e-01
-2.254249762596061690e-01
-5.866720056352800472e-02
3.288709642092462193e-01
8.370349250461402990e-01
-2.400371647311010104e-02
-3.136025702658798986e-01
-4.640583194780433657e-02
1.000000000000000000e+00
3.858441482188946781e-01
7.534398665314495647e-01
-4.470888546357546511e-01
2.572313208827769482e-01
-3.880855352932468527e-01
2.849065098116256300e-01
3.336504161933454560e-01
-5.879594803035830264e-01
-7.414578562028681930e-01
3.671209510357990591e-01
6.677371368233078197e-01
-5.219916966916835488e-01
3.630673965356524535e-01
-6.756219337519269175e-01
-4.179649944658662963e-02
5.418828963286128481e-02
3.661776218130559091e-01
-5.788361265234329700e-01
6.489594639408228227e-01
-6.271126246790144354e-02
9.913627453473207174e-01
-5.142170868250288684e-01
2.640090437082242003e-01
-7.940204702154717020e-02
5.950315914620407654e-01
-3.683423194733335126e-01
4.304089282373803060e-01
-5.930100428672290674e-02
-3.178314199238663207e-01
5.553526357563220994e-01
3.992869696096015275e-01
1.504021801894249721e-01
-3.811378931074588250e-01
-5.630199844934296038e-01
5.222907543541947112e-02
1.847050410940430376e-01
3.928458943895401512e-01
4.547927760134126696e-01
4.353834904850778509e-02
-4.458564708884159566e-01
-4.807724398175954317e-01
1.684253108144006805e-01
-4.139508448431528653e-01
3.548927143687579666e-01
2.329322374618374436e-01
1.172400542899560416e-01
-7.749833486145194517e-01
-8.111920525682906336e-01
-4.856681317585057611e-01
-2.333313113159204422e-01
1.240771673718536888e-01
2.911036927823437148e-01
2.951220547346982137e-01
-1.532025845816366028e-01
-1.000000000000000000e+00
1.573882921155764780e-01
-3.554403724780688112e-01
-1.871604198568427302e-01
-5.921295453801138642e-01
9.143208273065610570e-01
4.039152234443217915e-01
-7.202647118440905216e-02
-1.000000000000000000e+00
2.313017024201610150e-01
1.649701102700296407e-01
-4.254269222169353992e-01
-5.803849802359632992e-01
-5.677209672704763843e-01
-3.833248975758125621e-01
-5.656038977953925517e-01
3.632923067801423489e-01
-1.866284499197427005e-01
-8.561558583061076866e-02
-4.519764646895300247e-02
-1.868361713508413513e-01
5.112514487507253680e-01
-3.948706641655502780e-03
4.078981784538237010e-01
6.485337315832762073e-02
-2.654541170470692268e-01
4.826129851098289736e-01
1.744407284666313340e-01
2.638473140775918768e-01
3.121687202698659735e-01
-1.000000000000000000e+00
6.126029605369607278e-01
-4.642173179101540814e-01
3.814185146271232840e-01
8.183544527404763569e-01
8.865020130041179058e-01
4.435328190572599416e-01
-8.477912337251573005e-01
-1.393260500403826763e-01
2.732447009071489186e-01
-2.315274885786345049e-01
9.219111354687689608e-02
-1.000000000000000000e+00
1.000000000000000000e+00
1.106917197791696394e-01
-9.496314245701997780e-02
-2.374073648230591860e-01
8.967411108665208630e-01
-1.536535958942553959e-01
2.291720297780837079e-01
1.191227758513294099e-01
4.355271436616908048e-02
2.680197679686381340e-01
-3.526037303832240677e-01
1.643974167041185597e-01
5.521703765179366563e-01
-5.891022263814779114e-01
-3.551800098363090963e-01
-7.628347787179400041e-02
-1.000000000000000000e+00
8.174798795136735408e-02
-4.495861308368279685e-01
1.564740334627431895e-04
-3.147954085342934416e-01
9.643926895964274881e-02
8.064320950561605361e-01
5.771917623973139844e-02
1.386932434780740742e-01
-2.388451374287076101e-01
-2.640434456657784201e-01
-6.849782794567924604e-01
4.819936403022834215e-01
4.739565839407520187e-01
4.503722845467428848e-01
1.144387220880262734e-01
2.873356335835775544e-01
1.082989612032819737e-02
-6.582488783317194114e-01
-1.168376288637835020e-01
-3.858830717527395038e-01
6.769199276557861245e-01
-9.052463508628534328e-01
3.240180981547039485e-01
9.223637095149899157e-01
-7.226017474600993085e-01
-8.323398373299077946e-01
-6.581105902281758624e-01
1.999887469124095318e-01
2.812075066390276046e-01
-1.473370945949908362e-01
-4.195779230563341233e-01
-1.000000000000000000e+00
-7.747548758095422483e-02
-2.288604135729711275e-01
-6.209275861485070713e-01
3.283373670029046121e-01
2.275126473742811739e-01
1.000000000000000000e+00
-2.129133682510975928e-02
-6.301834035339526352e-01
-5.347040980450410430e-01
-6.961704997019637631e-01
1.945472958297228550e-01
5.019017769399634066e-01
5.711705806169229405e-01
1.560167093624366674e-01
-5.740873746054779847e-01
-5.359952672653688355e-01
2.470204874905651549e-01
4.966782951868191631e-01
8.427006486434747146e-01
1.362533759906172648e-01
9.815740444213854055e-01
5.756410167174861314e-01
-1.000000000000000000e+00
-3.531610116313533831e-01
5.135783333276282558e-01
-1.446776411476645152e-01
3.065945570795571284e-01
-2.369095547128831011e-02
9.088672870967733075e-02
3.993778509058215631e-01
-2.427139892036614954e-01
-6.308676407611788495e-01
5.044336169013338006e-02
2.247408121810051118e-01
-1.437779238979439433e-01
1.000000000000000000e+00
4.723999770096845019e-01
2.038767798795368402e-01
4.007610736497743686e-01
2.698512976823399523e-01
1.371018126206738075e-01
3.551713962570185457e-02
5.250408856728716600e-01
-1.249563960418507980e-02
-2.088229210688411497e-01
5.588358395739019269e-01
-9.605474543208625260e-01
4.605366928786051584e-01
4.027733697084764919e-02
1.458973274949510457e-01
2.303060718762009462e-01
2.937648434578888912e-01
9.446650896775810047e-01
-6.878518248047746919e-01
-8.966204839275571103e-01
-5.655495823770986252e-01
-5.742199631348322564e-01
6.140653876204082984e-02
4.241633190857417857e-01
-7.711666551847107254e-01
6.973614277007382789e-01
-4.434700175840915470e-01
-2.290739549289519672e-01
-1.518739841860659023e-01
1.521909791122940669e-01
-8.386787092142113931e-01
-9.138168876052255030e-01
5.654262379732351018e-01
-8.061896830039427808e-01
2.949194387555479913e-01
6.693029613347192264e-01
-5.693761517344517742e-01
-4.944607499512091442e-01
4.402253391649991743e-01
-4.112906677736072325e-01
2.791752040083587683e-01
2.014265958058192307e-01
-8.968813039749755633e-01
-5.208214025796449320e-01
-1.000000000000000000e+00
9.383405991105595589e-01
2.971355812699603138e-01
-3.179975730177886373e-01
-1.412056303421667658e-01
-4.598577376909077641e-01
-6.712954655528423631e-01
5.584361324968599716e-01
-5.870083192528982030e-01
-2.891910041374765039e-01
-3.171372334358633083e-01
-4.927513389776582153e-01
-1.686956431998763994e-01
5.433929439668148120e-01
-5.024049872020989183e-01
6.251082902361249083e-02
-3.158234580206265019e-01
-6.268780797410020700e-01
-3.280851529415084178e-01
-6.521989398768048840e-01
1.268636394734029005e-01
-7.202815416350401012e-01
1.330627644896599515e-01
-2.230939291976271055e-01
-1.813614868128617386e-01
-1.261957728784887101e-01
-5.847399117342013675e-01
4.734322575250539122e-01
8.644328485457606348e-01
2.029872691305328325e-01
-3.960309469002573080e-01
2.857063180662079704e-02
-6.747591109062509029e-02
-7.352450845308229344e-01
-7.465040014142148017e-01
2.704683009489189383e-01
7.256067239964625326e-02
-4.366687669953147055e-01
4.492878370307251679e-01
4.088152866373354621e-01
-1.453202455799910697e-01
5.646822108971684129e-01
-7.948000275018244354e-01
-1.000000000000000000e+00
5.886756724930541917e-01
3.112661123857958234e-01
6.430525321683461248e-01
3.006777471958058667e-01
-3.465384970180583890e-01
-1.892443158766222155e-01
5.501822821609561043e-01
4.074584806466624021e-01
-6.587808670518066068e-01
7.487628922634836925e-01
1.000000000000000000e+00
-6.580105822117305880e-01
4.158442321928794705e-01
9.862985393616190422e-01
-2.405511822853656778e-01
-7.023628536774697562e-01
4.382559071528311923e-01
-9.754062553246738154e-02
-2.866748400424786181e-01
2.013429972269743795e-02
1.994487268938195390e-01
-2.270973670881402118e-01
3.729224175466697155e-01
4.275807915682076077e-01
4.042748946325536719e-01
-4.695535189079522720e-01
-6.102880789309828025e-01
1.316009462132520513e-01
1.631136234746340397e-01
9.870069200182240987e-01
5.839637390393604965e-01
2.884336502544485592e-01
6.401332047681493886e-01
5.627803037845376943e-01
7.526357163168968523e-01
6.432298022230610313e-01
2.293311286198467802e-01
1.196388899560629493e-01
-3.282575717150065242e-01
6.919251797085862465e-02
2.618573719438478387e-01
2.054165562066161688e-01
8.343313491528124848e-01
9.424355188763154645e-02
-8.857606390812552410e-01
-6.408700351067581069e-01
-4.568685695719446049e-02
-2.061022723060919881e-01
3.811236448384689446e-01
6.467125417597612280e-01
-1.955978244461247240e-01
-3.529018850089627457e-01
5.506220805866042511e-02
-2.129376215740978739e-01
-2.491487701278350952e-01
-5.348218875725518906e-01
3.556447494536912196e-02
-3.979349404422872216e-01
-6.311325756724449620e-01
3.128492695887924446e-01
3.689667274027711441e-01
6.293436066117512606e-01
4.089111723938874260e-02
-8.107289045768020785e-02
5.800512127471657564e-01
9.462340840476868298e-03
1.226947431640575542e-01
-3.672134320494586657e-01
3.378351186874372081e-01
2.239818615636598453e-01
1.435288037796226580e-02
-5.036864631630437739e-01
-2.792269645217911878e-01
1.118179205538924748e-01
3.060546537169669401e-01
4.644119147898567723e-01
3.286310619636074182e-01
-2.848231071877646570e-01
-6.809603729510230741e-01
-1.532803813540760673e-01
3.256580144744845029e-01
7.345408860268449747e-01
2.569311620325417378e-01
2.150782316975973774e-01
1.995277379163011289e-01
1.295633496621397540e-01
-4.581836514945262784e-01
2.980675717479093767e-01
-2.950501394596981575e-01
-8.144401923893905826e-01
-8.301195434891972535e-01
-9.500085136750112680e-01
5.204772183950732156e-01
-2.321671348916314326e-01
2.515237982160319907e-01
3.487092056181116395e-01
-1.294943487606673993e-01
-6.131038369109895192e-02
8.429828121437349386e-02
-7.399961534392318629e-01
-1.749694565932596035e-01
-5.845522174983142777e-02
-2.628618876461839005e-01
1.297856219724007609e-01
-8.352611622860539597e-01
-6.096781649091610467e-01
-3.880991353830334778e-02
-9.193328159998293003e-01
2.877407050647893261e-01
-1.467175346171103734e-01
-2.441995566209928803e-01
3.295532779753108654e-01
2.622012587526534877e-01
3.902729768552046785e-01
-1.178961259595414229e-01
2.571450952607899354e-01
2.521335296860267028e-01
1.890262459001886552e-01
-3.245847010143548816e-01
4.094888904372129268e-02
-7.344144676385402359e-01
-6.292097706469357288e-02
6.962095440433019311e-02
-4.780711207382672828e-02
-6.538806431420621790e-01
-7.307433460224281863e-01
1.576850406690896711e-01
1.416131661705029646e-02
-1.924240697092988173e-03
3.706611463718699762e-01
2.140038110432148852e-02
-2.365673738689716699e-01
-1.197147822613356394e-01
-1.112338048945638314e-01
-1.471467568609506225e-03
-1.423464047265398102e-01
-6.805150959513857067e-01
5.641108952880780070e-03
5.040326228202990366e-01
-1.430364579631448474e-01
7.555778516642025489e-02
-2.882572817421189537e-01
4.922910427678661160e-01
9.322503343215089722e-02
-1.157376867492464906e-01
3.093503210610270560e-01
-9.902542689507816132e-01
-9.205970810929681170e-01
5.212364038715417980e-01
-6.439263850742620310e-01
-5.093545506341354834e-01
-5.860346654652019982e-01
8.293667394963547546e-01
8.350210336744286199e-02
3.733573246696751391e-01
-4.336002081145431397e-01
-5.470640111722224752e-01
5.166147354798142910e-01
-8.453724524194005108e-01
2.742479656798804122e-01
-1.632239716991172318e-01
1.695608137082538214e-02
3.214910470324205960e-02
-6.622039095949346088e-02
8.126432673514543126e-01
-6.087195818538160275e-01
7.214088116852511723e-01
5.630534103405167023e-01
-3.856513992696712356e-01
1.993324617708142621e-01
1.951329230267529347e-03
-5.209406146174384855e-03
-7.825260554029576099e-01
5.824472359456410731e-01
-7.437961711214691185e-04
4.674094467884810644e-01
-5.885402845605978983e-02
-9.167939072604300854e-01
1.721033856557048491e-01
7.192737401757585136e-01
-6.727506718841265165e-01
4.194224629237158775e-01
-7.187423243071434653e-01
4.175709594056142282e-01
-1.504742241038860284e-01
-1.360189172518600498e-01
6.170861210769187366e-01
-9.963865473536038797e-01
2.374874329411388874e-01
-4.235379402733597254e-01
7.100473299243892367e-01
7.055323351899103201e-01
5.095968704295963381e-01
-4.841171298350945840e-01
6.325588722448474144e-01
-9.849611391412163575e-02
2.794222547874327112e-01
6.784154500403697385e-01
5.693771315359517082e-01
-4.721097111643042521e-03
2.580216115474888716e-01
-1.000000000000000000e+00
-4.762015715454032128e-01
-5.205270327923749996e-01
3.449762962573197367e-01
3.830108788766604100e-01
-2.971400457925080230e-01
-4.454311302612508627e-01
5.589325366944237761e-01
-2.371706229571017288e-01
5.593285481874903375e-01
-5.528370026710854868e-01
-3.764524831091267121e-01
-8.652247005723830986e-01
1.174099636659877294e-01
-5.823448044405088453e-01
6.323402125379871119e-01
-6.641382225891863389e-02
2.948360652438862251e-01
3.620884003695748476e-01
5.618764405039212706e-01
-4.118013115576139860e-02
-6.594922604731905391e-01
1.235627655508436118e-01
-1.000000000000000000e+00
1.000000000000000000e+00
1.116714903486053928e-02
-7.512174633002434154e-01
-1.684334539416064702e-01
-6.061092500613775025e-01
1.000000000000000000e+00
-5.775064821823676642e-01
-4.445771023448318315e-01
-3.089748114369057497e-01
-3.560683753413694808e-01
-5.732371117825461049e-01
1.479069197788357992e-01
-4.268035014874824173e-01
-1.674865330975721656e-01
2.564047815746973713e-01
-5.397089362889040398e-01
-6.187964778209652517e-01
-2.292886416136620253e-01
4.350202199925458091e-01
-4.243201904502514332e-01
5.623282070494238782e-01
2.637955797626080345e-01
-1.239426366619431202e-01
6.773200281577702597e-01
-6.162055944319934087e-01
-1.011458370737863821e-01
1.483784186510774261e-01
4.437117401632987290e-01
7.882897067436028804e-01
-1.898675300419499501e-01
-8.784266004765126645e-01
-2.740570705010410557e-01
-9.891125462932407464e-01
-6.381659832144920275e-01
-5.521199487610416179e-02
-4.110941174134120912e-02
2.926960193658859066e-01
-2.233893465638173426e-01
5.015510711807178446e-01
2.417325187383435603e-01
-6.829253522686790090e-01
1.000000000000000000e+00
7.917824130333047661e-01
2.102218909588889628e-01
-5.550962820716250912e-01
2.439240938460102426e-01
-1.000000000000000000e+00
2.479954979514317204e-01
-6.278909171472343287e-01
9.026345779947444470e-01
-4.981008556505686080e-01
-7.212556485747557977e-02
-8.933121383568040086e-01
-9.369359995907939886e-01
-3.452755649107641656e-02
8.648582442631014278e-01
-3.603436248815724760e-03
6.641527016829157359e-01
-1.204756228101630938e-01
2.155419502079240768e-01
2.497452835553355954e-01
1.772359698677416495e-01
-1.896761814473145180e-01
7.736771811855842618e-01
-2.337427918142331862e-01
-1.052134537223377297e-01
6.086987398741350308e-01
-6.725422012909848535e-01
-6.516658949023698688e-02
2.382614748581424469e-01
-4.445697791429531476e-01
-5.298930074538786839e-01
2.040654003903040470e-01
-9.406652990412035509e-01
1.736743466878791498e-01
-5.691435499114957386e-01
2.145135809872583954e-01
7.644949774113123375e-01
2.714338424222365598e-01
-1.179773528525627779e-01
4.952207042779458446e-01
6.854712642480649265e-01
-4.470232813450606552e-03
-2.588772042376957239e-01
-1.555426546357464024e-01
-4.029703459057916159e-01
-2.122595881629873171e-01
4.733765497460412641e-01
-5.423970326753256854e-01
-4.242757431079688946e-01
-5.270630614920870372e-01
-2.784765411454778739e-01
-1.326772589888180476e-01
-3.292537544665339322e-01
-5.112128941318428987e-01
-1.771951281808914480e-01
6.693864588845452879e-01
7.855966352276773090e-01
4.727197195261726992e-01
-4.411603041480735010e-01
1.835736252896978393e-01
2.816546133421838349e-01
3.565351759081680227e-01
-4.676824150087848242e-01
8.158566229356748467e-01
5.798483382229371319e-01
1.871016683615797926e-01
-2.262293521698822696e-01
-5.350977408246275768e-01
9.774534144108604217e-02
8.876347674537965471e-01
7.822974385842659251e-01
1.737695917532882106e-01
9.363722410942829644e-01
1.978802191440504066e-01
-3.507864337358131135e-02
-7.019269955661741056e-01
-8.362952448962790442e-01
1.935299109293475706e-01
2.155835148493794873e-01
-5.062893083979673747e-01
3.316417195916700478e-01
-5.789097012467878667e-01
7.306331359417264637e-02
-3.604004281717383962e-01
8.218740688892322011e-01
-9.639164116955400985e-01
2.064122993452132127e-01
1.313478011349545338e-01
5.808066362479000905e-02
3.084143055030683089e-01
-1.423880295510702720e-01
9.806047827172010845e-01
1.212855194264626790e-01
1.000000000000000000e+00
-1.000000000000000000e+00
1.800296844477533575e-01
-1.070273506448976147e-01
-2.049288248925873468e-01
-2.643529553034398294e-01
3.296048841802977636e-01
6.598418286355840490e-01
8.813355705792313977e-01
-3.826367493905329376e-01
1.272654321711200708e-02
-2.013640483314289506e-02
3.820776175708349709e-01
-3.295426956910503802e-01
-6.688252549161086691e-01
9.050169268393142286e-01
1.000000000000000000e+00
-5.008931286034363772e-01
-3.441041034572667190e-01
-1.375241316274561088e-01
-5.226299443187250038e-01
7.545187051042672177e-01
-6.867925479731359362e-01
4.418721436876791864e-01
1.452131639349135417e-01
-1.000000000000000000e+00
-7.246279242161475231e-01
-9.066453349947344031e-02
5.994022239462289958e-01
-1.792831007574039182e-01
2.052191045440368844e-01
4.960234948476439643e-01
2.594550430989338019e-01
-9.302899114887857035e-01
-2.789198535150218539e-01
7.919224679654910393e-01
-2.127670967958480153e-01
-5.091301439207281121e-02
-7.224543529907312411e-05
8.949455372016141830e-01
-4.533968005906503507e-01
-3.696623311898473707e-01
7.776128220743703245e-01
4.146999885279417652e-02
5.305188662963089552e-01
-2.512185940970569353e-01
-3.344532378643129689e-01
-5.081002182048512950e-01
1.492138060254545873e-01
-6.281342259270418227e-01
-1.689380052720501624e-01
-9.220630632934105619e-02
-1.048111420077277450e-01
1.404146757759794084e-01
1.533101568534456505e-01
-2.647043955099678825e-01
3.620615159112230419e-01
-1.851309912949572478e-02
-1.898919307650520638e-01
4.272797230206597519e-01
6.567864746901058703e-01
-6.157800843627859733e-01
-7.513135479323784782e-01
5.415932827003266947e-01
-5.708519038095978271e-01
1.000000000000000000e+00
-6.741586627435336432e-01
-4.558541258290610965e-01
3.552998714684284520e-01
-1.461526742700504644e-01
-2.224126901733169959e-01
-1.518712688478091599e-01
-5.767809723151511303e-01
1.000000000000000000e+00
5.761151257822167554e-02
2.709396256265292346e-01
1.527153238939611413e-01
-5.297669894078236297e-01
-5.459272146503675316e-01
3.807301010981897216e-01
-2.197199756949649863e-01
1.000000000000000000e+00
5.781369951871515034e-02
-2.672954797483974021e-01
6.904817200963155044e-02
-1.000000000000000000e+00
7.156773111345149374e-01
-4.352353545461610240e-01
-2.739970076715299574e-01
1.402869571115731850e-01
5.503930958562913700e-01
-4.405095212699671747e-01
2.160628591525495246e-01
-1.553271816727906374e-01
-2.648689614681330462e-01
-6.789725006612673530e-01
2.656602404247451199e-01
2.339498232307390679e-01
-8.862313316983372324e-02
3.916378745469293876e-01
-3.456427456510814400e-01
-9.390310990878124320e-02
-5.836735127435759285e-01
-9.250091582038283411e-02
-6.513617874572245059e-01
-1.000000000000000000e+00
-1.014799993016176349e-01
-3.179514618691613448e-01
-3.718374108358437624e-01
1.000000000000000000e+00
-4.136257198581870242e-01
1.000000000000000000e+00
4.762190560142506857e-01
-3.050192396256056204e-01
-2.989250916884216291e-01
-4.606987374003798097e-01
-4.514679488295514354e-01
7.478740174193145851e-01
-9.900655399365938802e-02
6.912145307187866905e-01
7.013939552231327479e-01
5.012595010090010739e-01
1.000000000000000000e+00
3.607066228125575535e-01
2.357449071083331793e-01
-3.962034765652435730e-01
-3.553326627340781529e-01
9.712840522246002362e-02
3.830326589818461858e-01
9.723763814057060362e-01
8.917937685349840438e-01
9.714322676486939478e-01
1.562154697243481605e-01
-6.318614111724216720e-01
-5.849012886116968790e-01
1.510852375972016604e-01
7.206962200805829000e-02
7.862845317326086492e-02
9.350426903271076284e-01
3.566200863661848630e-01
-3.993882425595005614e-01
6.315327745065841825e-01
3.342733383746562814e-01
2.391706992326473602e-01
-7.120228771709968818e-01
1.442142624504123283e-01
1.784952192078310129e-01
5.151596336674020282e-01
-6.366156181164330796e-01
-5.315406790996993203e-02
8.085770484990395524e-02
2.276237969246802315e-02
9.993006222600354649e-01
4.545724645338447001e-01
-2.201538443763590425e-01
1.355520776207155553e-01
2.807027517436530006e-01
-6.271147480346188630e-01
-7.095708851900185410e-01
-1.694419365034683933e-01
-9.057763511089238495e-01
8.024305405946883241e-01
-8.336354227286993379e-02
-3.679326255563182269e-01
-9.290304016139097065e-01
2.341034953201541480e-02
-6.267509714230715678e-01
-1.804428529732300113e-01
-1.000000000000000000e+00
6.070756011162574683e-01
-1.949423066801310722e-01
-4.467995433625546187e-01
-1.000000000000000000e+00
2.133314246498688727e-01
-1.000000000000000000e+00
-1.986590769743894896e-02
8.738952905974541885e-01
-1.943321951776161294e-01
-1.546148798996561657e-01
3.864662493631496609e-01
4.963306481446611018e-01
-4.448655362769195487e-01
-5.538349247417779786e-01
9.823462570421704898e-01
8.708687078911021562e-01
3.717554441048573910e-01
-2.044384913333988085e-01
2.048009995730273869e-01
-5.001741747729222809e-02
1.587531450960065760e-01
-4.238874252323343583e-02
1.485361267356051229e-01
7.231306707746083529e-01
-1.907910147313989502e-01
-4.020451430091126488e-01
-3.401029542095146407e-01
5.995357787115122017e-01
1.805427581747422461e-01
3.525183507769984459e-01
7.085956395887829107e-01
5.014511425811376544e-01
7.346239955909861230e-01
-5.890621067759396201e-01
4.330257724994682755e-01
-6.046292757084383851e-01
-4.936394204971561450e-02
2.151518958531769554e-01
-9.492054584351483637e-01
1.498183617561106018e-01
-2.222719485225999880e-01
-1.787653445334503322e-01
5.403708194358268768e-01
-1.657473815014196550e-01
2.301095387580029128e-01
2.886832284131854442e-01
4.577853116138602685e-01
-3.357612829841108981e-01
4.914219953398658025e-01
-1.509796675557968926e-01
-6.141086187351415537e-01
-1.947060687322017813e-01
5.213543408728793516e-01
-5.307143996465674141e-01
1.979445534081899771e-01
-1.377879927637407076e-01
1.659692431379297672e-01
2.451830193598443786e-01
8.452854703144638826e-01
-1.000000000000000000e+00
5.103682382018178698e-01
-7.729363170431817753e-01
1.423901480904057326e-01
3.014157826209692970e-01
4.267737130240228938e-01
-1.902460697614482762e-02
-4.033975267037075985e-01
1.654831711012338946e-01
-3.057670288418993243e-01
1.000000000000000000e+00
2.947247663223672709e-01
-4.140151366520831711e-01
-8.599489110255539304e-01
3.081298251797749410e-01
5.172831782408923718e-02
-3.552091975235606158e-01
-6.491494899757150883e-01
3.051562978330361608e-01
1.160805908301889011e-01
-3.711855956343256269e-01
-2.868996876805428586e-01
7.370547390932441489e-01
5.023386730786495447e-01
-5.564050648333243032e-01
2.822996029672422136e-01
2.393898198487281748e-01
4.247984336933989247e-01
4.735323842512264569e-01
-7.546040597559655616e-02
-3.685501991252554399e-01
1.252042598865650835e-01
1.306641022492765480e-01
1.579493520522304850e-01
-7.435860561856466600e-02
-4.879570647399945060e-01
-6.270765983780099972e-01
-1.055865929195529684e-01
-8.751328915482385895e-01
1.690206691540634409e-01
-5.923925440922940266e-01
5.083473435768344206e-01
5.165059897086933249e-01
9.422841788189559309e-02
-4.479755521880070535e-01
-9.583509929535868332e-01
-3.247277862666554382e-01
-9.061804787256757532e-01
9.476401107884382391e-01
-3.626189944873753346e-01
-3.599136820881457255e-01
1.210921272893228373e-01
-2.417573031040517670e-02
2.846577098161666708e-01
-1.729756123585029504e-01
6.172239139657316187e-01
2.233558689234485528e-01
4.423130761730233451e-01
-8.689200232316427602e-03
-3.181409751837043776e-01
1.966465235441963721e-01
3.392998267023382697e-01
-2.814061016139886018e-01
-9.762305198750606539e-02
-6.249679853684999564e-01
-7.250155752766428430e-01
-3.852529272989814735e-01
-6.711104826202782259e-03
1.000000000000000000e+00
-4.950831062681610995e-01
6.485832669524851379e-01
3.640683686325675295e-01
-1.098783023610284404e-01
-2.817840805181623040e-02
6.367466573952172970e-01
-5.993117624105844810e-01
4.805154848901282971e-01
-6.855084585105030159e-01
-4.081501884711304096e-02
-4.064685966380392201e-02
8.434142939210393930e-01
2.971140967410708100e-01
3.585352575439513800e-01
-1.966857050533663831e-01
-4.457128751550618051e-01
7.492905966695446729e-01
-7.755314907346766429e-01
6.375102619165118334e-01
2.929270107201206175e-01
-5.850660761819527211e-01
1.676818992096297534e-02
-1.751376243432800073e-01
1.309520399247703776e-02
3.145358016898468501e-01
7.729483965265413481e-01
-7.578981116438799903e-01
7.315572165891477407e-01
-2.827407653570827017e-01
4.022572032447829793e-01
-3.791056837666404444e-01
5.858573823112743773e-01
7.089203353770319183e-01
-1.345916139172063097e-01
6.055937832168467594e-01
-4.035840303854658639e-01
-3.640861680828755276e-01
-8.354792985895604512e-03
-6.927582343880540616e-01
3.254352220196216616e-01
3.772665295096796489e-01
7.064888497463797656e-02
7.386736829172577679e-01
-3.357157537392179147e-01
-8.546423643384107871e-01
8.833402354182458005e-01
4.307434716518033224e-01
-3.787191264073916375e-01
-4.957176900021871835e-01
4.474202654876441310e-01
-1.000000000000000000e+00
4.766012450980286475e-01
3.174279654704023068e-01
-1.000000000000000000e+00
-1.115509935201788039e-01
-6.318268231759701647e-01
4.137296450383040058e-01
4.980073524109634997e-02
-1.511565281071274303e-01
8.314120712478643149e-01
9.731795949016837088e-01
9.988116841354397479e-01
-8.980614129610670071e-01
4.486547379502794364e-01
-3.562483213338395460e-01
-1.916744676815582138e-01
-6.878434082601112554e-01
-4.642844472360231900e-01
-1.816790515753267943e-01
7.200350615188653991e-02
-2.598188808655365611e-01
-4.912127545515107552e-03
7.404870800638704842e-02
-7.857432099227821265e-01
4.137876132396547946e-02
2.096041722347976588e-01
8.559580017375748584e-01
-3.207394893743537034e-01
-1.062939266770882990e-01
2.432400154265136616e-01
-6.113652773286640807e-01
7.863838661689965814e-01
-9.567509407493259843e-01
-5.950450993443350267e-01
1.000000000000000000e+00
6.514001142088645668e-01
2.040177532931353177e-01
-4.590106005485070639e-01
5.238856625368171205e-01
-3.042021297699230020e-01
-4.686065966049176024e-01
8.233444220751891252e-02
-4.970730360969553008e-01
-1.000000000000000000e+00
6.534745850993005645e-01
-2.778877721851676919e-01
-4.331294574796425156e-02
-2.442267228974575044e-01
4.689061566150728444e-01
-3.944869725328653542e-01
3.684444373647276505e-01
-5.023601728373940922e-01
5.088873996976197578e-01
6.793185207474089493e-02
-6.308302576775148829e-01
2.154524197901251104e-01
-7.914644527228914539e-02
2.479018078770244549e-01
2.277699530112653470e-01
1.806760772942352100e-01
2.303825750410842532e-01
4.947154393263331063e-01
4.492749248546560326e-01
3.091641226516228524e-02
-2.019990222994900719e-01
3.512541875485416520e-01
-4.586534648159328320e-01
9.244014305228722772e-04
-2.959821401183435619e-01
-2.744688851306819055e-01
2.049218337087428954e-01
-4.759407368033806707e-01
2.071550194827534164e-01
4.476533401268577017e-01
-2.703487331870415011e-01
-2.309681893757200080e-02
1.503681529992513255e-01
6.668113685348084907e-01
7.069558483519404746e-01
2.700003497105226691e-01
-3.556150264371146785e-01
-1.972334179396962872e-01
-8.718054407568172071e-01
5.013229606664917348e-01
-4.890377413575708321e-01
1.692404818887200402e-01
-7.524228282013845082e-01
-5.433659564997224134e-01
9.171983505710670781e-02
-2.044706129884694412e-01
3.154091358862608496e-01
4.468329329514527520e-02
3.589482624004831646e-01
1.510905863906436553e-01
-1.000000000000000000e+00
7.116833654661935959e-01
5.112899322111460476e-01
-3.100831602241581053e-01
-5.717671856791151086e-02
-5.932672957274970349e-01
1.399775336002210269e-01
9.610427101845373521e-01
-2.442447824577251292e-02
-4.176346080611484934e-01
-2.366129041615539219e-01
-2.811725166938641163e-01
-8.640873759875189464e-01
-1.875517245481026773e-01
-5.065905814208414570e-01
3.181231518763160127e-01
2.095695180952048819e-01
-6.160129301504975174e-01
3.386842500312801096e-01
6.697980779997722567e-02
-3.142170532744875677e-01
-1.933585378220770146e-01
-2.820062392393695161e-01
-1.056835073840330652e-01
5.216464442245156707e-01
-6.485038586750548895e-01
-3.544676233014956712e-01
-1.242403565619024097e-01
3.671532223905575598e-02
-1.106693859770164490e-01
-3.527343245961757356e-02
-6.823503805786237386e-01
3.433831692395516999e-02
-4.553678100450012090e-02
-1.468906166985496364e-01
-4.817707323317744761e-01
-5.169565950513164143e-01
-1.000000000000000000e+00
8.813649829418049308e-02
-8.118372514207334856e-01
7.673864270479697769e-01
-5.923090041041272347e-01
-8.268337177959793616e-01
-3.540593581746394047e-01
-6.033236035723031909e-01
6.588461959176863947e-02
-1.774659938491522926e-01
4.124555894227520392e-03
-6.069015236033167837e-02
-2.332812657778428611e-01
8.327772702494355972e-01
1.358067522233453173e-01
-8.375679912044078357e-01
-1.733682128429721025e-01
1.000000000000000000e+00
3.543811192714081681e-03
1.188102631811097515e-01
1.874668988789901236e-01
2.824833538176631520e-01
-8.165509817705000548e-03
2.590968020293275553e-01
-4.788646549867103808e-01
1.000000000000000000e+00
-1.950003092950107764e-01
-7.983048824379720410e-01
6.058321470620573468e-01
-1.517117531518155649e-01
5.226276742857073332e-01
-1.547768053079959238e-01
2.374474701064979709e-01
4.226721474533702283e-01
4.157613148993973828e-01
3.151972715988945462e-01
7.888613859036724962e-01
6.753111240226532530e-01
9.682117267105496694e-01
-6.877191688255268609e-01
-4.535186394882242955e-01
4.576923195985099224e-01
2.016077991262529290e-01
1.150076074050986746e-01
-4.325246510954937340e-02
-9.094889528389776823e-02
-2.590915709151548896e-01
9.248803226577397008e-02
4.773198685024495486e-02
4.771384097969395555e-01
4.304184274101868768e-01
-2.091746886981804554e-01
-2.815043676076429136e-01
9.491580599171069998e-01
-6.427618077954977416e-01
4.725910734381680856e-01
-5.102770053789420363e-02
-2.486413950095208714e-01
1.276321744489901655e-01
-1.983953924681489123e-01
5.595608013135418002e-01
-5.061199400009163130e-01
-3.415519911178373502e-01
-8.166442354581343599e-02
-7.115106553018418767e-01
7.197242922426696499e-01
-8.235701254406201377e-01
5.602618611699541340e-01
4.940363137329868426e-01
5.184390969699458340e-01
-1.696703049077782910e-02
9.993120867330600177e-02
-3.377509696473082225e-03
-5.264005008628269699e-01
8.967392316066144509e-02
6.064299731203075527e-01
-4.414356592623178144e-02
-1.000000000000000000e+00
3.342865863139737326e-01
1.078780386452040246e-01
-3.538392437458537376e-01
-3.471059468358677069e-01
-2.087347593343384378e-01
-6.140981316358060660e-01
1.857181452538306243e-01
2.942488128390698954e-01
6.842574057755279604e-01
-4.599401458383003960e-01
6.486590963611735816e-01
-9.753090313712933224e-01
5.059758125125881634e-01
6.471856042950685506e-01
9.096719607927281070e-02
-8.613530991050828423e-01
6.845351408968299856e-01
-9.612302262518807039e-01
-3.433950001891433734e-01
-3.720895395449163590e-01
2.167692414569191706e-01
-7.657008453203079101e-01
4.100839063445292920e-01
3.902713716930715782e-01
-4.222956415908820094e-01
5.631620253856082225e-01
1.000000000000000000e+00
-2.993147293141576459e-01
9.702871868963688917e-02
2.054232620814703814e-01
6.256370982013795823e-01
-8.615721734965030298e-02
-3.541533568042365410e-01
-1.356891296161801264e-01
-6.719555899282724232e-01
-4.609336394660206171e-01
2.146582633411708574e-01
-7.966200369486451383e-01
9.662721364255673073e-01
-4.035219776483333076e-01
-3.855408602327677903e-01
-3.285955448563294135e-01
7.407017881261782621e-01
-2.966716030348346411e-01
1.098860012807066494e-01
8.684810023468119144e-01
-9.871784499572162641e-01
-2.418459166988227160e-01
-9.378325054241106740e-01
5.323159820703154965e-01
-1.085041799493799142e-01
-5.753611962078142295e-01
-1.129745335239414894e-01
-2.883611860182504483e-01
-7.725799992898566559e-01
5.565106234249057593e-01
3.840005905780803364e-01
2.394037774176252520e-01
1.077997449253560169e-01
5.336130549305967419e-01
-4.692468550247229642e-01
2.547723481239794197e-02
-8.379740128731372195e-01
-3.011350404422306060e-01
-7.397843181907032273e-02
-3.209027553152402623e-01
5.738146608946922411e-01
-3.638683731709855262e-01
2.828307465369974683e-01
7.073169964859973846e-03
-4.911687994100445431e-01
-2.393173626942667886e-01
4.676481304856547894e-01
4.005112968822467368e-01
-1.919377441324098543e-01
-2.408537355102704502e-01
7.653564248234176470e-02
-8.512161423626400936e-01
-1.727816057836856212e-02
3.406658409397989029e-01
2.359092712863506969e-01
5.683066205053324271e-01
1.000000000000000000e+00
-1.958798593299606039e-01
-9.320356473600352465e-02
1.616820832547840592e-01
1.000000000000000000e+00
4.098356883881080770e-01
9.518755275533079541e-01
-4.434513247227811483e-01
5.049748462071798061e-01
-2.895600948143158271e-01
3.057089892005920850e-01
-1.418120438149046425e-01
5.638212847510803982e-01
-1.009873249600056339e-01
-9.047981854380539035e-01
5.194200238361288413e-01
-1.140518089973875243e-01
2.371923949104699503e-01
-1.000000000000000000e+00
3.042045176094868575e-01
-4.043732227683741187e-01
-6.904834752487145622e-01
-4.802209948629326819e-01
-2.927151416630103808e-01
5.644467895052613926e-01
-2.757349359944935574e-01
-2.516017507613922399e-01
-1.000000000000000000e+00
-8.848124457575902158e-01
7.147664840179708268e-01
8.428568807504925875e-01
1.841488016175781284e-01
4.770053035820715492e-01
-3.319347679051023459e-01
5.219092995068692203e-03
-4.417903816669777051e-01
3.337131286658769069e-02
-9.069758001522579272e-02
7.020833447650487447e-01
-1.849662447318687897e-01
-9.985601303058445621e-01
8.388743420019294517e-01
2.507220099212620901e-01
-2.593785732695195675e-02
-9.716956560147420319e-02
6.048217110040718936e-01
-1.032189458821550082e-01
-1.000000000000000000e+00
-6.351098428869039747e-01
3.298057075923714887e-01
1.547041762511877638e-01
-2.443964095447045959e-01
8.798926108475402241e-01
-7.530374960655947802e-01
2.801967893033581181e-01
-1.000000000000000000e+00
5.451172959769243764e-01
8.071539120725187977e-02
3.315438353301015106e-01
-2.225916017199953967e-01
-9.638203664217542821e-02
1.326515446069837789e-01
3.395407547830314732e-01
-3.631175550455967294e-02
1.000000000000000000e+00
-3.207678058496377105e-01
8.787753488680155600e-02
5.892499714376677744e-01
8.138974994574094124e-01
6.357570495799104160e-01
-3.279157480566810556e-01
-1.082478366285260368e-01
-2.586932614362691951e-01
4.598883674182664416e-01
-1.656554508799530923e-01
7.718373072550340774e-01
5.852357455713941281e-02
4.183800635037494553e-01
4.358630079550582237e-02
-6.358905937703425160e-01
-5.696666027458827664e-01
-2.817782036489145381e-01
-7.852656230423829542e-02
-1.717069812770209980e-01
-6.880121916930732606e-01
-1.410840734416181075e-01
-7.780215953437781273e-01
1.339458482404727868e-01
5.145345044121973910e-01
-1.080957047984903996e-01
-1.356701547050415679e-01
-6.513433075695291841e-01
-1.055665829353805429e-01
4.269995842782860485e-01
1.583000494033784677e-01
5.677269839841566634e-01
-1.000000000000000000e+00
2.885283700310190547e-01
-3.296983104036397272e-01
-6.050571911966662331e-02
-8.718162069706125727e-01
5.564220291303836330e-01
8.694870542004694558e-01
-1.568382836405762815e-01
-2.012017839409145081e-01
-1.320805961497331094e-01
-1.459030343225843351e-01
-4.501911479075010325e-01
-7.873935478520168729e-01
-2.700528441903073951e-01
4.228474094219464852e-01
-9.085211453436223272e-02
-3.082810028411372416e-01
-5.526770101624081111e-01
-1.000000000000000000e+00
-4.172077985606578165e-01
-1.093835465814828496e-02
-4.980470456226927523e-01
-5.228936434896471752e-01
5.306579005012762584e-01
-6.025967637468525595e-01
-5.071153702623310000e-01
-3.981191265493899678e-01
4.433618835349935061e-01
1.043701313748733178e-01
-6.050318918224125708e-01
-8.796364147065950378e-01
6.380961980972600367e-01
3.022251751809270637e-01
-8.574021515604782762e-01
4.116546184744659387e-01
-5.374606956267148350e-01
9.152764553624885835e-01
-8.464355724447740759e-01
1.699706538875581374e-01
-8.666999809880902017e-01
-3.185737451972189826e-04
-2.760354229551493788e-01
8.964795128557537796e-01
-7.214003059498550474e-01
-2.407350369564422721e-01
-1.748986599084279003e-01
1.524761790841018538e-01
3.988032722949321623e-02
-2.087235382234959857e-01
2.915131416305825063e-01
7.172720287001028705e-01
-1.231698640544533208e-01
3.653510612399339941e-01
