9.673351789657435029e-01
3.970653876851238939e-01
-3.208780845426421058e-01
1.447527364241282533e-01
5.119348939914473151e-01
-3.651778452181438372e-01
-3.587554914444507359e-01
-6.160011760846517692e-01
4.183778353561959928e-01
7.206172821106708870e-01
6.679560262854595809e-01
-1.000000000000000000e+00
9.755087024433779508e-01
-5.079527180400763564e-01
1.035856998423672209e-01
7.527583011420289072e-01
-1.587307487152349039e-01
8.364140858637210130e-01
9.021374109721959078e-01
-7.359709221373167409e-01
-2.272392629388767515e-01
3.446720027482187421e-01
-1.518329108858560428e-01
9.083631507639572389e-02
1.000000000000000000e+00
-3.427379892312114318e-02
1.468967685776010890e-01
1.334981858029318513e-01
7.803274832516540194e-01
7.102606837586209476e-01
-9.400164908026962252e-01
8.119008696130915193e-02
-7.150771445462078546e-01
2.306304829399816181e-01
4.595709785645556988e-01
2.340969542735381881e-01
-7.383510028175632733e-01
-7.801626119892626221e-01
-1.667790349460991639e-01
6.636677092907397602e-02
4.383055876746568824e-01
-4.060754991863012586e-01
7.288177635798707144e-01
-6.740826108016112483e-01
8.358525081259715606e-01
-5.654634904329587375e-01
-7.469239974898383982e-02
5.640532093747815390e-01
-9.599035195935395892e-02
7.867627189771720930e-01
3.931316499210799620e-01
8.943077080125152456e-01
-4.541749186971687502e-01
-9.633304698276004552e-02
4.254011391060552039e-01
-1.777925168871663242e-01
9.694209573324668039e-01
7.923587939583757178e-01
-8.465185749781933833e-01
-6.994228485080283830e-01
9.988638008358041720e-02
1.000000000000000000e+00
2.953868116251687770e-01
-4.522712165320498245e-01
-8.979480819022258586e-01
-7.860467926397042282e-01
-2.950262653463980311e-01
-9.229260620595016729e-01
2.298026460266985871e-01
-2.470487055321387015e-01
8.906060673663692695e-01
-7.370718829165501251e-01
7.841527946714805797e-01
3.203428438087985164e-02
-1.207900998420109034e-02
3.287970580954089894e-01
7.585984299268454523e-01
2.216927761874691316e-01
-4.482391304700503731e-01
1.080638569938995874e-01
5.290590243013520988e-01
-7.762966845148009387e-01
3.510414153669097481e-01
-5.009507184635327848e-01
-5.353729760626301237e-01
7.809594792012123365e-01
-4.372368223991526803e-01
-4.019651981412488695e-01
6.676743840865818624e-01
-1.209811576046735393e-01
-4.443724084501705085e-01
-9.709561650983965508e-01
5.305580001625742614e-01
-4.372728059770944475e-01
-2.153822082572433294e-01
8.409209799792526363e-01
8.288110147429912367e-01
-2.319797203076983672e-01
1.706349744190219231e-02
-8.485154741841345605e-02
-1.000000000000000000e+00
-9.306737225690084880e-01
7.173348261931335179e-02
-6.369639012914245502e-01
8.617318755995140300e-04
-1.464547621584506507e-02
-2.100341262254065144e-01
6.848436384960026047e-01
8.845584333820945278e-02
-2.011077838186818290e-01
1.000000000000000000e+00
3.176381141327203617e-01
9.917352375747873205e-02
-7.661789642539331702e-01
8.198226006376538866e-01
-8.505592419401231119e-01
2.003963582365408114e-01
-8.158841306235680157e-01
-7.666682745392298104e-01
2.056603088740255325e-02
-8.024845648689656885e-01
-4.029541008983056893e-01
5.598250414255255825e-01
-6.105048460750536199e-01
9.134914383550780670e-01
-3.019527943061285358e-01
-5.235750407645803906e-01
1.734254819198065289e-01
7.948335282651788347e-01
-1.013580794678638208e-02
9.708756445189137274e-02
-3.135093516760711352e-01
-6.492505976253886146e-01
6.674707445821489449e-01
7.609791727729249278e-01
6.666403223839018066e-03
-5.693275940615785125e-01
-4.764645751871373625e-01
7.829348568665290831e-01
1.955441632027475896e-01
6.586781744786530945e-02
7.120999921289573598e-01
-6.469165162457084506e-01
-6.821784766921177301e-01
-8.874196104864333356e-02
-7.361071321390968425e-01
6.606146909353691754e-01
-1.568303204180321320e-01
6.909295405689070968e-01
-2.372876099159395014e-01
-6.561977614183898133e-01
3.556139879233961021e-01
-1.344145162238808144e-01
2.863854363328445229e-01
2.862967428289776572e-01
1.302430370193723153e-01
4.553728098438045158e-01
9.201277432764309872e-02
-5.422156406132723205e-01
-5.555131980238331435e-01
-6.649307191183317922e-01
-8.253367630323054094e-01
-4.147001012294637134e-01
2.103874121671968078e-01
2.373297296662202349e-01
-4.540262691486572355e-01
8.713470292545727469e-01
7.970981082287881270e-01
1.000000000000000000e+00
5.208128418538127136e-01
-7.099477152512569944e-01
-8.125906910159846896e-01
-6.963689961709811360e-01
2.924374256006490036e-02
-3.165631711923391767e-01
-9.097350111799140659e-01
-3.369561348944408175e-01
5.979932025840887233e-01
8.334697784010676180e-01
-5.686685763096691604e-01
-1.154867851312445237e-01
-5.211779592578482667e-01
-2.064401484366668316e-01
8.238233416345269733e-01
-6.898474572713203523e-01
8.726694436888700057e-01
8.030888123363785214e-01
-2.563565715037879333e-01
-2.389412191789547779e-01
-5.982834161642387460e-01
1.000000000000000000e+00
-1.023722723525426204e-01
-7.802835256645753725e-01
-9.248015403859782824e-02
6.629328365879626483e-01
2.332276482594696221e-01
-5.531354544660646022e-01
-5.168397824014946407e-01
3.414170375349532827e-01
-6.820377593749730183e-01
1.965582004698786800e-01
2.481816894514759508e-01
7.961113989909538446e-01
7.517025087466329414e-02
-5.043205250782188953e-01
9.844367661530712965e-01
-1.000000000000000000e+00
-4.026925729729072256e-01
5.825877594252776986e-02
4.939541380754562949e-01
